  1.646      0
  1.675      0
  1.704      0
  1.733      0
  1.762      0
  1.791      0
  1.820      0
  1.849      0
  1.878      0
  1.907      0
  1.936      0
  1.965      0
  1.994      0
  2.023      0
  2.052      0
  2.081      0
  2.110      0
  2.139      0
  2.168      0
  2.197      0
  2.226      0
  2.255      0
  2.285      0
  2.314      0
  2.343      0
  2.372      0
  2.401      0
  2.430      0
  2.459      0
  2.488      0
  2.517     79
  2.546    196
  2.575    175
  2.604    137
  2.633    158
  2.662    120
  2.691    122
  2.720    137
  2.749    112
  2.778    142
  2.807    134
  2.836    132
  2.865    140
  2.894    193
  2.923    234
  2.952    303
  2.981    378
  3.010    395
  3.040    434
  3.069    490
  3.098    570
  3.127    642
  3.156    691
  3.185    776
  3.214    772
  3.243    851
  3.272    889
  3.301    923
  3.330    976
  3.359    917
  3.388   1057
  3.417   1072
  3.446   1142
  3.475   1078
  3.504   1142
  3.533   1113
  3.562   1200
  3.591   1247
  3.620   1268
  3.649   1302
  3.678   1250
  3.707   1244
  3.736   1194
  3.766   1133
  3.795   1262
  3.824   1304
  3.853   1367
  3.882   1398
  3.911   1436
  3.940   1470
  3.969   1577
  3.998   1604
  4.027   1473
  4.056   1458
  4.085   1429
  4.114   1395
  4.143   1427
  4.172   1443
  4.201   1458
  4.230   1557
  4.259   1645
  4.288   1693
  4.317   1573
  4.346   1682
  4.375   1681
  4.404   1672
  4.433   1744
  4.462   1720
  4.491   1759
  4.521   1848
  4.550   1902
  4.579   1959
  4.608   1915
  4.637   2066
  4.666   2201
  4.695   2110
  4.724   2110
  4.753   2071
  4.782   2109
  4.811   1988
  4.840   1967
  4.869   1750
  4.898   1648
  4.927   1633
  4.956   1681
  4.985   1735
  5.014   1790
  5.043   1881
  5.072   1953
  5.101   1946
  5.130   2015
  5.159   2071
  5.188   2153
  5.217   2271
  5.246   2264
  5.276   2337
  5.305   2397
  5.334   2387
  5.363   2428
  5.392   2367
  5.421   2466
  5.450   2502
  5.479   2514
  5.508   2589
  5.537   2611
  5.566   2590
  5.595   2553
  5.624   2760
  5.653   2808
  5.682   2797
  5.711   2863
  5.740   2968
  5.769   2880
  5.798   2838
  5.827   2776
  5.856   2779
  5.885   2769
  5.914   2789
  5.943   2816
  5.972   2866
  6.002   2892
  6.031   2940
  6.060   2867
  6.089   2719
  6.118   2621
  6.147   2680
  6.176   2708
  6.205   2682
  6.234   2754
  6.263   2653
  6.292   2735
  6.321   2574
  6.350   2564
  6.379   2515
  6.408   2356
  6.437   2372
  6.466   2414
  6.495   2433
  6.524   2510
  6.553   2507
  6.582   2427
  6.611   2447
  6.640   2424
  6.669   2311
  6.698   2350
  6.727   2366
  6.757   2328
  6.786   2273
  6.815   2244
  6.844   2258
  6.873   2236
  6.902   2213
  6.931   2191
  6.960   2120
  6.989   2119
  7.018   2141
  7.047   2167
  7.076   2086
  7.105   2049
  7.134   2151
  7.163   2037
  7.192   2033
  7.221   1983
  7.250   1963
  7.279   1931
  7.308   1915
  7.337   1856
  7.366   1762
  7.395   1739
  7.424   1944
  7.453   1959
  7.482   1906
  7.512   1980
  7.541   1884
  7.570   1894
  7.599   1823
  7.628   1878
  7.657   1775
  7.686   1827
  7.715   1856
  7.744   1859
  7.773   1866
  7.802   1934
  7.831   1962
  7.860   1897
  7.889   1986
  7.918   1967
  7.947   1939
  7.976   1921
  8.005   1916
  8.034   1987
  8.063   1917
  8.092   1897
  8.121   1991
  8.150   2023
  8.179   2014
  8.208   1941
  8.238   1941
  8.267   2094
  8.296   2202
  8.325   2114
  8.354   2042
  8.383   2065
  8.412   2162
  8.441   2196
  8.470   2130
  8.499   2161
  8.528   2218
  8.557   2208
  8.586   2125
  8.615   2073
  8.644   1946
  8.673   2104
  8.702   2075
  8.731   1995
  8.760   2019
  8.789   2195
  8.818   2216
  8.847   2272
  8.876   2144
  8.905   2130
  8.934   2036
  8.963   2216
  8.993   2180
  9.022   2183
  9.051   2188
  9.080   2256
  9.109   2272
  9.138   2233
  9.167   2215
  9.196   2347
  9.225   2438
  9.254   2382
  9.283   2423
  9.312   2320
  9.341   2381
  9.370   2450
  9.399   2416
  9.428   2439
  9.457   2510
  9.486   2508
  9.515   2490
  9.544   2566
  9.573   2513
  9.602   2572
  9.631   2534
  9.660   2467
  9.689   2625
  9.718   2585
  9.748   2591
  9.777   2630
  9.806   2601
  9.835   2589
  9.864   2725
  9.893   2811
  9.922   2882
  9.951   2903
  9.980   2792
 10.009   2637
 10.038   2530
 10.067   2483
 10.096   2830
 10.125   2939
 10.154   3224
 10.183   3403
 10.212   3537
 10.241   3816
 10.270   4039
 10.299   4351
 10.328   4785
 10.357   5405
 10.386   5995
 10.415   6963
 10.444   8035
 10.473   7443
 10.503   6068
 10.532   4424
 10.561   3589
 10.590   3276
 10.619   3065
 10.648   3206
 10.677   3239
 10.706   3121
 10.735   3130
 10.764   3124
 10.793   3204
 10.822   3268
 10.851   3137
 10.880   3064
 10.909   3124
 10.938   3178
 10.967   3095
 10.996   3018
 11.025   2993
 11.054   2942
 11.083   2943
 11.112   2948
 11.141   2986
 11.170   3021
 11.199   3196
 11.229   2957
 11.258   3080
 11.287   3069
 11.316   2868
 11.345   3207
 11.374   3082
 11.403   3177
 11.432   2939
 11.461   3082
 11.490   3055
 11.519   3005
 11.548   2968
 11.577   3077
 11.606   3250
 11.635   3487
 11.664   3616
 11.693   3830
 11.722   4078
 11.751   4188
 11.780   4371
 11.809   4806
 11.838   5094
 11.867   5740
 11.896   6535
 11.925   7506
 11.954   8630
 11.984   8181
 12.013   6672
 12.042   4848
 12.071   3897
 12.100   3583
 12.129   3458
 12.158   3317
 12.187   3198
 12.216   3275
 12.245   3288
 12.274   3299
 12.303   3252
 12.332   3178
 12.361   3205
 12.390   3112
 12.419   3071
 12.448   2977
 12.477   3013
 12.506   3174
 12.535   3367
 12.564   3152
 12.593   3222
 12.622   3087
 12.651   3039
 12.680   3046
 12.709   3136
 12.739   3282
 12.768   3305
 12.797   3117
 12.826   3107
 12.855   2955
 12.884   2707
 12.913   2661
 12.942   2697
 12.971   2589
 13.000   2638
 13.029   2625
 13.058   2703
 13.087   2743
 13.116   2779
 13.145   2868
 13.174   2804
 13.203   2555
 13.232   2595
 13.261   2633
 13.290   2412
 13.319   2369
 13.348   2453
 13.377   2346
 13.406   2458
 13.435   2549
 13.465   2698
 13.494   2913
 13.523   3004
 13.552   2949
 13.581   3099
 13.610   3056
 13.639   3018
 13.668   3005
 13.697   2997
 13.726   2999
 13.755   3057
 13.784   2843
 13.813   2765
 13.842   2845
 13.871   2883
 13.900   2968
 13.929   3114
 13.958   3165
 13.987   3179
 14.016   3121
 14.045   3050
 14.074   3058
 14.103   2991
 14.132   3083
 14.161   3146
 14.190   3185
 14.220   3169
 14.249   3318
 14.278   3422
 14.307   3505
 14.336   3419
 14.365   3568
 14.394   3651
 14.423   3971
 14.452   4365
 14.481   4848
 14.510   5275
 14.539   5857
 14.568   6896
 14.597   8380
 14.626  10034
 14.655  12294
 14.684  14708
 14.713  14879
 14.742  12253
 14.771   8164
 14.800   5151
 14.829   3979
 14.858   3725
 14.887   3641
 14.916   3761
 14.945   3787
 14.975   3643
 15.004   3647
 15.033   3553
 15.062   3482
 15.091   3312
 15.120   3254
 15.149   3334
 15.178   3342
 15.207   3347
 15.236   3353
 15.265   3340
 15.294   3474
 15.323   3560
 15.352   3644
 15.381   3646
 15.410   3536
 15.439   3631
 15.468   3592
 15.497   3717
 15.526   3724
 15.555   3552
 15.584   3473
 15.613   3524
 15.642   3511
 15.671   3442
 15.700   3527
 15.730   3528
 15.759   3546
 15.788   3620
 15.817   3579
 15.846   3647
 15.875   3576
 15.904   3493
 15.933   3657
 15.962   3655
 15.991   3718
 16.020   3762
 16.049   3827
 16.078   4000
 16.107   4117
 16.136   4101
 16.165   4107
 16.194   4110
 16.223   4069
 16.252   3868
 16.281   4032
 16.310   4189
 16.339   4275
 16.368   4108
 16.397   4189
 16.426   4202
 16.456   4103
 16.485   3897
 16.514   3764
 16.543   3617
 16.572   3621
 16.601   3617
 16.630   3748
 16.659   3814
 16.688   3915
 16.717   3787
 16.746   3880
 16.775   4022
 16.804   4103
 16.833   4242
 16.862   4584
 16.891   4887
 16.920   5487
 16.949   6483
 16.978   7873
 17.007   9471
 17.036  11931
 17.065  14686
 17.094  16938
 17.123  16326
 17.152  12178
 17.181   7939
 17.211   5414
 17.240   4479
 17.269   4107
 17.298   4198
 17.327   4117
 17.356   3950
 17.385   3786
 17.414   3578
 17.443   3523
 17.472   3386
 17.501   3166
 17.530   3167
 17.559   3229
 17.588   3309
 17.617   3412
 17.646   3453
 17.675   3305
 17.704   3253
 17.733   3142
 17.762   3248
 17.791   3287
 17.820   3586
 17.849   3556
 17.878   3512
 17.907   3571
 17.936   3656
 17.966   3679
 17.995   3809
 18.024   3902
 18.053   4071
 18.082   4216
 18.111   4341
 18.140   4234
 18.169   4243
 18.198   4082
 18.227   4037
 18.256   3678
 18.285   3655
 18.314   3487
 18.343   3605
 18.372   3816
 18.401   3768
 18.430   3920
 18.459   4002
 18.488   4326
 18.517   4519
 18.546   5036
 18.575   5944
 18.604   7081
 18.633   8802
 18.662  10903
 18.692  14350
 18.721  17811
 18.750  21511
 18.779  22684
 18.808  20301
 18.837  15579
 18.866  10555
 18.895   7605
 18.924   5751
 18.953   4875
 18.982   4512
 19.011   4268
 19.040   4190
 19.069   4400
 19.098   4510
 19.127   4697
 19.156   4677
 19.185   4743
 19.214   4874
 19.243   4893
 19.272   4776
 19.301   4661
 19.330   4541
 19.359   4562
 19.388   4422
 19.417   4487
 19.447   4510
 19.476   4535
 19.505   4524
 19.534   4817
 19.563   5133
 19.592   5363
 19.621   5841
 19.650   6212
 19.679   6882
 19.708   7669
 19.737   7907
 19.766   8133
 19.795   7911
 19.824   7649
 19.853   6954
 19.882   6489
 19.911   5566
 19.940   4721
 19.969   4404
 19.998   4568
 20.027   4815
 20.056   5166
 20.085   5474
 20.114   5660
 20.143   6228
 20.172   6718
 20.202   7122
 20.231   7204
 20.260   7438
 20.289   8006
 20.318   8959
 20.347  10383
 20.376  12317
 20.405  15173
 20.434  19311
 20.463  25642
 20.492  35387
 20.521  50206
 20.550  73843
 20.579 102892
 20.608 130008
 20.637 140811
 20.666 123190
 20.695  85593
 20.724  51378
 20.753  30053
 20.782  19107
 20.811  14462
 20.840  12539
 20.869  11824
 20.898  10487
 20.927   8944
 20.957   7190
 20.986   6254
 21.015   5783
 21.044   5470
 21.073   5150
 21.102   4838
 21.131   4412
 21.160   4086
 21.189   3985
 21.218   3969
 21.247   3943
 21.276   4009
 21.305   3924
 21.334   4037
 21.363   4114
 21.392   4384
 21.421   4465
 21.450   4722
 21.479   4692
 21.508   4719
 21.537   4747
 21.566   4519
 21.595   4527
 21.624   4676
 21.653   4770
 21.683   4709
 21.712   4670
 21.741   4856
 21.770   4876
 21.799   4864
 21.828   4801
 21.857   4692
 21.886   4561
 21.915   4449
 21.944   4504
 21.973   4658
 22.002   4619
 22.031   4570
 22.060   4600
 22.089   4393
 22.118   4027
 22.147   3683
 22.176   3528
 22.205   3452
 22.234   3311
 22.263   3553
 22.292   3871
 22.321   4070
 22.350   4231
 22.379   4351
 22.408   4270
 22.438   4455
 22.467   4676
 22.496   4774
 22.525   4608
 22.554   4531
 22.583   4471
 22.612   4505
 22.641   4363
 22.670   4404
 22.699   4778
 22.728   4961
 22.757   5166
 22.786   5087
 22.815   4904
 22.844   4763
 22.873   4503
 22.902   4394
 22.931   4850
 22.960   5049
 22.989   5369
 23.018   6094
 23.047   6832
 23.076   7718
 23.105   8264
 23.134   7520
 23.163   6552
 23.193   5656
 23.222   5260
 23.251   4676
 23.280   4475
 23.309   4245
 23.338   4153
 23.367   4100
 23.396   4007
 23.425   3934
 23.454   3969
 23.483   3958
 23.512   4191
 23.541   4357
 23.570   4186
 23.599   4343
 23.628   4300
 23.657   4264
 23.686   4238
 23.715   4127
 23.744   4012
 23.773   3985
 23.802   4169
 23.831   4538
 23.860   5037
 23.889   5416
 23.919   5762
 23.948   5567
 23.977   5190
 24.006   4702
 24.035   4795
 24.064   4611
 24.093   4735
 24.122   4667
 24.151   4623
 24.180   4637
 24.209   4714
 24.238   4816
 24.267   4695
 24.296   4532
 24.325   4594
 24.354   4635
 24.383   4914
 24.412   5087
 24.441   5199
 24.470   5285
 24.499   5110
 24.528   5184
 24.557   5377
 24.586   5592
 24.615   5610
 24.644   6322
 24.674   7370
 24.703   8129
 24.732   8473
 24.761   8507
 24.790   8215
 24.819   7690
 24.848   6603
 24.877   5884
 24.906   5002
 24.935   4705
 24.964   4295
 24.993   4228
 25.022   3846
 25.051   3864
 25.080   3877
 25.109   4361
 25.138   4865
 25.167   4806
 25.196   4718
 25.225   4712
 25.254   5178
 25.283   5980
 25.312   7080
 25.341   8827
 25.370  11013
 25.399  14310
 25.429  16792
 25.458  17651
 25.487  15716
 25.516  12243
 25.545   9254
 25.574   6847
 25.603   5679
 25.632   4855
 25.661   4532
 25.690   4311
 25.719   4142
 25.748   3932
 25.777   3830
 25.806   3521
 25.835   3549
 25.864   3614
 25.893   3580
 25.922   3409
 25.951   3283
 25.980   3167
 26.009   3205
 26.038   3238
 26.067   3418
 26.096   3623
 26.125   3757
 26.155   3704
 26.184   3763
 26.213   3744
 26.242   3929
 26.271   4259
 26.300   4397
 26.329   4747
 26.358   5248
 26.387   5698
 26.416   5697
 26.445   5836
 26.474   5069
 26.503   4868
 26.532   4692
 26.561   4594
 26.590   4904
 26.619   5407
 26.648   6377
 26.677   7517
 26.706   8848
 26.735   9076
 26.764   8267
 26.793   6855
 26.822   5588
 26.851   4464
 26.880   3972
 26.910   3606
 26.939   3747
 26.968   3835
 26.997   3657
 27.026   3572
 27.055   3433
 27.084   3586
 27.113   3736
 27.142   3747
 27.171   3869
 27.200   3853
 27.229   3902
 27.258   3795
 27.287   4036
 27.316   4139
 27.345   4312
 27.374   4529
 27.403   4767
 27.432   5460
 27.461   5922
 27.490   6220
 27.519   6206
 27.548   5676
 27.577   4934
 27.606   4351
 27.635   3799
 27.665   3620
 27.694   3898
 27.723   3972
 27.752   3975
 27.781   3975
 27.810   4024
 27.839   4069
 27.868   4014
 27.897   3966
 27.926   3758
 27.955   3969
 27.984   4068
 28.013   4334
 28.042   4511
 28.071   4519
 28.100   4822
 28.129   5506
 28.158   5793
 28.187   6390
 28.216   7259
 28.245   8638
 28.274  10846
 28.303  14401
 28.332  19946
 28.361  26036
 28.390  30637
 28.420  28573
 28.449  21431
 28.478  14180
 28.507   9175
 28.536   6563
 28.565   5232
 28.594   4783
 28.623   4483
 28.652   4282
 28.681   4255
 28.710   4095
 28.739   4087
 28.768   4190
 28.797   4179
 28.826   4369
 28.855   4147
 28.884   4327
 28.913   4190
 28.942   4041
 28.971   4005
 29.000   3829
 29.029   3492
 29.058   3557
 29.087   3437
 29.116   3350
 29.146   3260
 29.175   3089
 29.204   3133
 29.233   3325
 29.262   3433
 29.291   3642
 29.320   3765
 29.349   3923
 29.378   3859
 29.407   3993
 29.436   4256
 29.465   4624
 29.494   4690
 29.523   4440
 29.552   3951
 29.581   3447
 29.610   2962
 29.639   2735
 29.668   2934
 29.697   3175
 29.726   3280
 29.755   3351
 29.784   3342
 29.813   3561
 29.842   3941
 29.871   4783
 29.901   5539
 29.930   5840
 29.959   5503
 29.988   4863
 30.017   4332
 30.046   3961
 30.075   3921
 30.104   3826
 30.133   3633
 30.162   3518
 30.191   3451
 30.220   3451
 30.249   3437
 30.278   3562
 30.307   3629
 30.336   3420
 30.365   3575
 30.394   3508
 30.423   3663
 30.452   3836
 30.481   4032
 30.510   4474
 30.539   5076
 30.568   5920
 30.597   7086
 30.626   8070
 30.656   8638
 30.685   8176
 30.714   6699
 30.743   5682
 30.772   4757
 30.801   4194
 30.830   4049
 30.859   3753
 30.888   3782
 30.917   3794
 30.946   3822
 30.975   3812
 31.004   4152
 31.033   4264
 31.062   4662
 31.091   5035
 31.120   5572
 31.149   6421
 31.178   7844
 31.207   8914
 31.236   8971
 31.265   7899
 31.294   6222
 31.323   4925
 31.352   4180
 31.382   4114
 31.411   4089
 31.440   4120
 31.469   4006
 31.498   4018
 31.527   3884
 31.556   3713
 31.585   3607
 31.614   3574
 31.643   3646
 31.672   3611
 31.701   3637
 31.730   3570
 31.759   3611
 31.788   3584
 31.817   3813
 31.846   3716
 31.875   3804
 31.904   3802
 31.933   3889
 31.962   4048
 31.991   4251
 32.020   4237
 32.049   4015
 32.078   3787
 32.107   3603
 32.137   3599
 32.166   3539
 32.195   3720
 32.224   3770
 32.253   3577
 32.282   3620
 32.311   3545
 32.340   3631
 32.369   3623
 32.398   3555
 32.427   3560
 32.456   3512
 32.485   3646
 32.514   3692
 32.543   3671
 32.572   3664
 32.601   3606
 32.630   3738
 32.659   3838
 32.688   3845
 32.717   3817
 32.746   3837
 32.775   3807
 32.804   3923
 32.833   3745
 32.862   3769
 32.892   3738
 32.921   3946
 32.950   3991
 32.979   3849
 33.008   3852
 33.037   3785
 33.066   3859
 33.095   3887
 33.124   3948
 33.153   3917
 33.182   3821
 33.211   3918
 33.240   3844
 33.269   3700
 33.298   3926
 33.327   3912
 33.356   3795
 33.385   3898
 33.414   3962
 33.443   4156
 33.472   4186
 33.501   4462
 33.530   4773
 33.559   5009
 33.588   5450
 33.617   6052
 33.647   6900
 33.676   7303
 33.705   7154
 33.734   6118
 33.763   5408
 33.792   4692
 33.821   4215
 33.850   4018
 33.879   4026
 33.908   4083
 33.937   4178
 33.966   3998
 33.995   3983
 34.024   3886
 34.053   3950
 34.082   3967
 34.111   4061
 34.140   3971
 34.169   4034
 34.198   4350
 34.227   4287
 34.256   4455
 34.285   4526
 34.314   4359
 34.343   4892
 34.373   5526
 34.402   6579
 34.431   7629
 34.460   8645
 34.489   9564
 34.518  10052
 34.547   9935
 34.576   9741
 34.605  10106
 34.634  10350
 34.663  10023
 34.692   8542
 34.721   7158
 34.750   6296
 34.779   5329
 34.808   4746
 34.837   4644
 34.866   4775
 34.895   5131
 34.924   5872
 34.953   6735
 34.982   8197
 35.011  10039
 35.040  11265
 35.069  11327
 35.098  10610
 35.128   9117
 35.157   7572
 35.186   6203
 35.215   5472
 35.244   5187
 35.273   5065
 35.302   5114
 35.331   5661
 35.360   6100
 35.389   6341
 35.418   5863
 35.447   5290
 35.476   4682
 35.505   4332
 35.534   4105
 35.563   4311
 35.592   4244
 35.621   4315
 35.650   4514
 35.679   4552
 35.708   4823
 35.737   5182
 35.766   5994
 35.795   6527
 35.824   7618
 35.853   9000
 35.883  10902
 35.912  12619
 35.941  13736
 35.970  13796
 35.999  12973
 36.028  12364
 36.057  12480
 36.086  13595
 36.115  15287
 36.144  16962
 36.173  16736
 36.202  14374
 36.231  11855
 36.260  10480
 36.289   9797
 36.318   9891
 36.347  10530
 36.376  11290
 36.405  11742
 36.434  12209
 36.463  11740
 36.492  11390
 36.521  10546
 36.550  10009
 36.579  10035
 36.609   9724
 36.638   9369
 36.667   8146
 36.696   6422
 36.725   5197
 36.754   4264
 36.783   4356
 36.812   4399
 36.841   4668
 36.870   4749
 36.899   4719
 36.928   5090
 36.957   5013
 36.986   5152
 37.015   5164
 37.044   5597
 37.073   5082
 37.102   4524
 37.131   4271
 37.160   4290
 37.189   4382
 37.218   4298
 37.247   4296
 37.276   4395
 37.305   4140
 37.334   3909
 37.364   3571
 37.393   3600
 37.422   3799
 37.451   4075
 37.480   4359
 37.509   4430
 37.538   4327
 37.567   4270
 37.596   4229
 37.625   3983
 37.654   3808
 37.683   3575
 37.712   3374
 37.741   3388
 37.770   3339
 37.799   3307
 37.828   3413
 37.857   3482
 37.886   3489
 37.915   3658
 37.944   3754
 37.973   3951
 38.002   3944
 38.031   3902
 38.060   3697
 38.089   3581
 38.119   3440
 38.148   3214
 38.177   3204
 38.206   3006
 38.235   3120
 38.264   3089
 38.293   3200
 38.322   3154
 38.351   3174
 38.380   3036
 38.409   3104
 38.438   3112
 38.467   3011
 38.496   3016
 38.525   2945
 38.554   2987
 38.583   2967
 38.612   3091
 38.641   3237
 38.670   3275
 38.699   3268
 38.728   3057
 38.757   3101
 38.786   3361
 38.815   3611
 38.845   3759
 38.874   3792
 38.903   3870
 38.932   3945
 38.961   4397
 38.990   4650
 39.019   5506
 39.048   6401
 39.077   6838
 39.106   7283
 39.135   7583
 39.164   7134
 39.193   6567
 39.222   5842
 39.251   5385
 39.280   5000
 39.309   4678
 39.338   4507
 39.367   4295
 39.396   4163
 39.425   4306
 39.454   4988
 39.483   5983
 39.512   7308
 39.541   8122
 39.570   7965
 39.600   6986
 39.629   6212
 39.658   5642
 39.687   5107
 39.716   5067
 39.745   5542
 39.774   6309
 39.803   7524
 39.832   8842
 39.861   9853
 39.890   9740
 39.919   8676
 39.948   7146
 39.977   5898
 40.006   4854
 40.035   4193
 40.064   3636
 40.093   3222
 40.122   3066
 40.151   3235
 40.180   3385
 40.209   3589
 40.238   3859
 40.267   4214
 40.296   4199
 40.325   4042
 40.355   3954
 40.384   3609
 40.413   3628
 40.442   3472
 40.471   3849
 40.500   4489
 40.529   5130
 40.558   5791
 40.587   6505
 40.616   7082
 40.645   6790
 40.674   6034
 40.703   4731
 40.732   3860
 40.761   3195
 40.790   2728
 40.819   2242
 40.848   2080
 40.877   2192
 40.906   2369
 40.935   2603
 40.964   2825
 40.993   3124
 41.022   3356
 41.051   3169
 41.080   3077
 41.110   2679
 41.139   2580
 41.168   2403
 41.197   2286
 41.226   2229
 41.255   2207
 41.284   2120
 41.313   2108
 41.342   2132
 41.371   2209
 41.400   2248
 41.429   2359
 41.458   2494
 41.487   2582
 41.516   2692
 41.545   3120
 41.574   3097
 41.603   3311
 41.632   3128
 41.661   3127
 41.690   2773
 41.719   2492
 41.748   2340
 41.777   2340
 41.806   2444
 41.836   2578
 41.865   2482
 41.894   2694
 41.923   2693
 41.952   2789
 41.981   2946
 42.010   3114
 42.039   3100
 42.068   2931
 42.097   2785
 42.126   2566
 42.155   2303
 42.184   2265
 42.213   2279
 42.242   2083
 42.271   1859
 42.300   1651
 42.329   1680
 42.358   1764
 42.387   1949
 42.416   1830
 42.445   2005
 42.474   2265
 42.503   2496
 42.532   2619
 42.561   2485
 42.591   2294
 42.620   2228
 42.649   2072
 42.678   2038
 42.707   2068
 42.736   2135
 42.765   2127
 42.794   2124
 42.823   2014
 42.852   1962
 42.881   2049
 42.910   2056
 42.939   2015
 42.968   2058
 42.997   1986
 43.026   1910
 43.055   1968
 43.084   1879
 43.113   1947
 43.142   2076
 43.171   2097
 43.200   2111
 43.229   2244
 43.258   2252
 43.287   2441
 43.316   2550
 43.346   2700
 43.375   2687
 43.404   2640
 43.433   2754
 43.462   2911
 43.491   2926
 43.520   2889
 43.549   2697
 43.578   2463
 43.607   2298
 43.636   2207
 43.665   2161
 43.694   2224
 43.723   2352
 43.752   2308
 43.781   2396
 43.810   2361
 43.839   2225
 43.868   2336
 43.897   2469
 43.926   2831
 43.955   3133
 43.984   3804
 44.013   4728
 44.042   5457
 44.072   6162
 44.101   6324
 44.130   5717
 44.159   4407
 44.188   3795
 44.217   3373
 44.246   3169
 44.275   3114
 44.304   3008
 44.333   3057
 44.362   3179
 44.391   3302
 44.420   3495
 44.449   3657
 44.478   3404
 44.507   3249
 44.536   3047
 44.565   3021
 44.594   2900
 44.623   2965
 44.652   2924
 44.681   2745
 44.710   2613
 44.739   2363
 44.768   2357
 44.797   2233
 44.827   2133
 44.856   2159
 44.885   2018
 44.914   2082
 44.943   2005
 44.972   1863
 45.001   1888
 45.030   1904
 45.059   1697
 45.088   1712
 45.117   1765
 45.146   1776
 45.175   1786
 45.204   1853
 45.233   2008
 45.262   2251
 45.291   2312
 45.320   2301
 45.349   2342
 45.378   2424
 45.407   2300
 45.436   2090
 45.465   1904
 45.494   1848
 45.523   1681
 45.552   1749
 45.582   1873
 45.611   1784
 45.640   1643
 45.669   1562
 45.698   1637
 45.727   1647
 45.756   1619
 45.785   1532
 45.814   1372
 45.843   1370
 45.872   1435
 45.901   1344
 45.930   1366
 45.959   1363
 45.988   1409
 46.017   1302
 46.046   1514
 46.075   1661
 46.104   1948
 46.133   2264
 46.162   2923
 46.191   3300
 46.220   3670
 46.249   3690
 46.278   3448
 46.307   3060
 46.337   2651
 46.366   2539
 46.395   2733
 46.424   2816
 46.453   3029
 46.482   3408
 46.511   3608
 46.540   3533
 46.569   3327
 46.598   2939
 46.627   2574
 46.656   2283
 46.685   2012
 46.714   1975
 46.743   1768
 46.772   1775
 46.801   1701
 46.830   1699
 46.859   1662
 46.888   1795
 46.917   1716
 46.946   1846
 46.975   1851
 47.004   1808
 47.033   1824
 47.063   1825
 47.092   2000
 47.121   2026
 47.150   2097
 47.179   2202
 47.208   2282
 47.237   2649
 47.266   3132
 47.295   3654
 47.324   4020
 47.353   3946
 47.382   4200
 47.411   4396
 47.440   4483
 47.469   4512
 47.498   4503
 47.527   4410
 47.556   3911
 47.585   3253
 47.614   2987
 47.643   2869
 47.672   2699
 47.701   2322
 47.730   2271
 47.759   2488
 47.788   2699
 47.818   2791
 47.847   3234
 47.876   3445
 47.905   3388
 47.934   3414
 47.963   3125
 47.992   2793
 48.021   2460
 48.050   2247
 48.079   2134
 48.108   1973
 48.137   1964
 48.166   1880
 48.195   1885
 48.224   1706
 48.253   1880
 48.282   1815
 48.311   1809
 48.340   1763
 48.369   1824
 48.398   1887
 48.427   1932
 48.456   2050
 48.485   2160
 48.514   2163
 48.543   2212
 48.573   2331
 48.602   2568
 48.631   2764
 48.660   2739
 48.689   2938
 48.718   3080
 48.747   3084
 48.776   3038
 48.805   3128
 48.834   2986
 48.863   2818
 48.892   2487
 48.921   2120
 48.950   1942
 48.979   2070
 49.008   2058
 49.037   2191
 49.066   2236
 49.095   2192
 49.124   2258
 49.153   2233
 49.182   2196
 49.211   2028
 49.240   1840
 49.269   1782
 49.299   1534
 49.328   1437
 49.357   1310
 49.386   1381
 49.415   1384
 49.444   1352
 49.473   1306
 49.502   1256
 49.531   1235
 49.560   1213
 49.589   1376
 49.618   1376
 49.647   1480
 49.676   1465
 49.705   1358
 49.734   1395
 49.763   1459
 49.792   1528
 49.821   1713
 49.850   1872
 49.879   2065
 49.908   2121
 49.937   2044
 49.966   1824
 49.995   1782
 50.024   1616
 50.054   1641
 50.083   1633
 50.112   1709
 50.141   1763
 50.170   1717
 50.199   1782
 50.228   1817
 50.257   1805
 50.286   1763
 50.315   1796
 50.344   1852
 50.373   1941
 50.402   1906
 50.431   1881
 50.460   1913
 50.489   1997
 50.518   1824
 50.547   1700
 50.576   1681
 50.605   1701
 50.634   1710
 50.663   1681
 50.692   1923
 50.721   1946
 50.750   2038
 50.779   2103
 50.809   2266
 50.838   2506
 50.867   2637
 50.896   2893
 50.925   3170
 50.954   3325
 50.983   3267
 51.012   3089
 51.041   2944
 51.070   2773
 51.099   2615
 51.128   2707
 51.157   2798
 51.186   2630
 51.215   2503
 51.244   2348
 51.273   2145
 51.302   2128
 51.331   1929
 51.360   1944
 51.389   1894
 51.418   1906
 51.447   1913
 51.476   1893
 51.505   1860
 51.535   1778
 51.564   1833
 51.593   1909
 51.622   1767
 51.651   1667
 51.680   1737
 51.709   1724
 51.738   1743
 51.767   1570
 51.796   1597
 51.825   1694
 51.854   1851
 51.883   1805
 51.912   1818
 51.941   1930
 51.970   2074
 51.999   2139
 52.028   2166
 52.057   2183
 52.086   2179
 52.115   2153
 52.144   2132
 52.173   1931
 52.202   1831
 52.231   1813
 52.260   1811
 52.290   1729
 52.319   1671
 52.348   1752
 52.377   1893
 52.406   2085
 52.435   1956
 52.464   1950
 52.493   1924
 52.522   1904
 52.551   1900
 52.580   1978
 52.609   2058
 52.638   2070
 52.667   1992
 52.696   1789
 52.725   1782
 52.754   1698
 52.783   1558
 52.812   1556
 52.841   1607
 52.870   1599
 52.899   1576
 52.928   1608
 52.957   1613
 52.986   1662
 53.015   1575
 53.045   1621
 53.074   1656
 53.103   1473
 53.132   1552
 53.161   1521
 53.190   1513
 53.219   1600
 53.248   1636
 53.277   1793
 53.306   1744
 53.335   1902
 53.364   2030
 53.393   2082
 53.422   2115
 53.451   1773
 53.480   1688
 53.509   1615
 53.538   1572
 53.567   1710
 53.596   1558
 53.625   1583
 53.654   1613
 53.683   1588
 53.712   1667
 53.741   1530
 53.770   1764
 53.800   1765
 53.829   1894
 53.858   2146
 53.887   2339
 53.916   2478
 53.945   2359
 53.974   2069
 54.003   1964
 54.032   1777
 54.061   1621
 54.090   1521
 54.119   1467
 54.148   1406
 54.177   1413
 54.206   1363
 54.235   1473
 54.264   1584
 54.293   1584
 54.322   1669
 54.351   1732
 54.380   1761
 54.409   1920
 54.438   2206
 54.467   2298
 54.496   2185
 54.526   2059
 54.555   1968
 54.584   1922
 54.613   1739
 54.642   1574
 54.671   1595
 54.700   1464
 54.729   1508
 54.758   1572
 54.787   1702
 54.816   1824
 54.845   1817
 54.874   1885
 54.903   1774
 54.932   1879
 54.961   1916
 54.990   1924
 55.019   1976
 55.048   1924
 55.077   1874
 55.106   1857
 55.135   1979
 55.164   2112
 55.193   2167
 55.222   2178
 55.251   2139
 55.281   1899
 55.310   1715
 55.339   1690
 55.368   1610
 55.397   1517
 55.426   1540
 55.455   1541
 55.484   1470
 55.513   1512
 55.542   1503
 55.571   1524
 55.600   1550
 55.629   1608
 55.658   1637
 55.687   1581
 55.716   1517
 55.745   1710
 55.774   1792
 55.803   1760
 55.832   1638
 55.861   1479
 55.890   1447
 55.919   1382
 55.948   1415
 55.977   1235
 56.006   1255
 56.036   1233
 56.065   1309
 56.094   1303
 56.123   1415
 56.152   1545
 56.181   1619
 56.210   1691
 56.239   1981
 56.268   2089
 56.297   2244
 56.326   2336
 56.355   2295
 56.384   2446
 56.413   2276
 56.442   2130
 56.471   2120
 56.500   2044
 56.529   1824
 56.558   1757
 56.587   1830
 56.616   1910
 56.645   1890
 56.674   2021
 56.703   2054
 56.732   2002
 56.762   2011
 56.791   1838
 56.820   1859
 56.849   1889
 56.878   1961
 56.907   1995
 56.936   1974
 56.965   1937
 56.994   1723
 57.023   1758
 57.052   1753
 57.081   1746
 57.110   1771
 57.139   1795
 57.168   1705
 57.197   1714
 57.226   1685
 57.255   1611
 57.284   1669
 57.313   1683
 57.342   1781
 57.371   1716
 57.400   1858
 57.429   2024
 57.458   2002
 57.487   2057
 57.517   2084
 57.546   2185
 57.575   2249
 57.604   2187
 57.633   2416
 57.662   2526
 57.691   2728
 57.720   2759
 57.749   2927
 57.778   2912
 57.807   2723
 57.836   2432
 57.865   2110
 57.894   1924
 57.923   1747
 57.952   1612
 57.981   1585
 58.010   1643
 58.039   1642
 58.068   1718
 58.097   1861
 58.126   1990
 58.155   2115
 58.184   2097
 58.213   2136
 58.242   2162
 58.272   2151
 58.301   2175
 58.330   2226
 58.359   2117
 58.388   2016
 58.417   1902
 58.446   1791
 58.475   1750
 58.504   1738
 58.533   1645
 58.562   1519
 58.591   1601
 58.620   1655
 58.649   1680
 58.678   1654
 58.707   1696
 58.736   1731
 58.765   1691
 58.794   1702
 58.823   1680
 58.852   1811
 58.881   1786
 58.910   1779
 58.939   1897
 58.968   1880
 58.997   1804
 59.027   1576
 59.056   1425
 59.085   1331
 59.114   1325
 59.143   1522
 59.172   1500
 59.201   1594
 59.230   1675
 59.259   1679
 59.288   1529
 59.317   1516
 59.346   1540
 59.375   1551
 59.404   1510
 59.433   1430
 59.462   1389
 59.491   1374
 59.520   1235
 59.549   1083
 59.578   1051
 59.607   1062
 59.636    998
 59.665    984
 59.694    915
 59.723    944
 59.753    893
 59.782    941
 59.811    998
 59.840    927
 59.869    928
 59.898    895
 59.927    887
 59.956    838
 59.985    766
 60.014    765
 60.043    835
 60.072    800
 60.101    845
 60.130    789
 60.159    853
 60.188    868
 60.217    768
 60.246    757
 60.275    639
 60.304    626
 60.333    704
 60.362    650
 60.391    650
 60.420    590
 60.449    570
 60.478    536
 60.508    557
 60.537    571
 60.566    583
 60.595    531
 60.624    550
 60.653    539
 60.682    582
 60.711    603
 60.740    613
 60.769    646
 60.798    625
 60.827    629
 60.856    638
 60.885    657
 60.914    671
 60.943    632
 60.972    687
 61.001    683
 61.030    725
 61.059    708
 61.088    717
 61.117    674
 61.146    711
 61.175    670
 61.204    708
 61.233    699
 61.263    711
 61.292    695
 61.321    626
 61.350    596
 61.379    617
 61.408    597
 61.437    563
 61.466    577
 61.495    576
 61.524    618
 61.553    612
 61.582    605
 61.611    599
 61.640    620
 61.669    631
 61.698    699
 61.727    665
 61.756    685
 61.785    662
 61.814    696
 61.843    714
 61.872    708
 61.901    763
 61.930    821
 61.959    741
 61.989    764
 62.018    780
 62.047    817
 62.076    825
 62.105    738
 62.134    681
 62.163    639
 62.192    565
 62.221    576
 62.250    701
 62.279    800
 62.308    852
 62.337    877
 62.366    823
 62.395    767
 62.424    765
 62.453    786
 62.482    881
 62.511    822
 62.540    817
 62.569    798
 62.598    746
 62.627    802
 62.656    720
 62.685    698
 62.714    628
 62.744    575
 62.773    498
 62.802    554
 62.831    616
 62.860    582
 62.889    633
 62.918    572
 62.947    545
 62.976    591
 63.005    657
 63.034    651
 63.063    736
 63.092    700
 63.121    721
 63.150    713
 63.179    698
 63.208    685
 63.237    584
 63.266    539
 63.295    498
 63.324    559
 63.353    516
 63.382    437
 63.411    480
 63.440    493
 63.469    491
 63.499    491
 63.528    535
 63.557    554
 63.586    546
 63.615    522
 63.644    563
 63.673    582
 63.702    596
 63.731    637
 63.760    680
 63.789    636
 63.818    556
 63.847    530
 63.876    567
 63.905    657
 63.934    566
 63.963    572
 63.992    566
 64.021    541
 64.050    549
 64.079    594
 64.108    568
 64.137    548
 64.166    491
 64.195    480
 64.225    454
 64.254    456
 64.283    506
 64.312    534
 64.341    597
 64.370    585
 64.399    584
 64.428    512
 64.457    469
 64.486    431
 64.515    493
 64.544    523
 64.573    586
 64.602    559
 64.631    602
 64.660    594
 64.689    619
 64.718    609
 64.747    652
 64.776    670
 64.805    747
 64.834    709
 64.863    707
 64.892    688
 64.921    679
 64.950    708
 64.980    641
 65.009    623
 65.038    604
 65.067    570
 65.096    522
 65.125    556
 65.154    573
 65.183    569
 65.212    595
 65.241    474
 65.270    471
 65.299    428
 65.328    441
 65.357    435
 65.386    441
 65.415    457
 65.444    451
 65.473    486
 65.502    492
 65.531    466
 65.560    455
 65.589    508
 65.618    598
 65.647    612
 65.676    579
 65.705    554
 65.735    600
 65.764    591
 65.793    633
 65.822    632
 65.851    653
 65.880    636
 65.909    652
 65.938    609
 65.967    650
 65.996    653
 66.025    670
 66.054    679
 66.083    642
 66.112    673
 66.141    685
 66.170    653
 66.199    677
 66.228    737
 66.257    816
 66.286    794
 66.315    792
 66.344    721
 66.373    678
 66.402    688
 66.431    660
 66.460    648
 66.490    654
 66.519    585
 66.548    579
 66.577    537
 66.606    581
 66.635    591
 66.664    649
 66.693    613
 66.722    641
 66.751    645
 66.780    655
 66.809    749
 66.838    879
 66.867    906
 66.896    972
 66.925    976
 66.954    941
 66.983    991
 67.012    998
 67.041   1064
 67.070   1071
 67.099   1037
 67.128    965
 67.157    972
 67.186   1057
 67.216   1053
 67.245   1074
 67.274    948
 67.303    852
 67.332    852
 67.361    799
 67.390    772
 67.419    814
 67.448    832
 67.477    848
 67.506    768
 67.535    810
 67.564    808
 67.593    779
 67.622    715
 67.651    678
 67.680    644
 67.709    629
 67.738    614
 67.767    643
 67.796    657
 67.825    714
 67.854    732
 67.883    759
 67.912    816
 67.941    793
 67.971    695
 68.000    627
 68.029    630
 68.058    630
 68.087    665
 68.116    647
 68.145    708
 68.174    622
 68.203    607
 68.232    611
 68.261    657
 68.290    584
 68.319    588
 68.348    575
 68.377    578
 68.406    680
 68.435    656
 68.464    638
 68.493    713
 68.522    622
 68.551    562
 68.580    606
 68.609    652
 68.638    678
 68.667    750
 68.696    802
 68.726    848
 68.755    911
 68.784    956
 68.813    969
 68.842    952
 68.871    846
 68.900    889
 68.929    900
 68.958    794
 68.987    783
 69.016    814
 69.045    833
 69.074    798
 69.103    880
 69.132    874
 69.161    792
 69.190    713
 69.219    691
 69.248    661
 69.277    663
 69.306    711
 69.335    771
 69.364    756
 69.393    735
 69.422    821
 69.452    765
 69.481    842
 69.510    879
 69.539    842
 69.568    917
 69.597    959
 69.626   1015
 69.655   1040
 69.684   1116
 69.713   1098
 69.742   1069
 69.771   1096
 69.800   1036
 69.829   1089
 69.858   1096
 69.887   1207
 69.916   1204
 69.945   1301
 69.974   1418
 70.003   1575
 70.032   1613
 70.061   1640
 70.090   1619
 70.119   1803
 70.148   1760
 70.177   1769
 70.207   1912
 70.236   2077
 70.265   2142
 70.294   1980
 70.323   2015
 70.352   2071
 70.381   1946
 70.410   2028
 70.439   1950
 70.468   2014
 70.497   2058
 70.526   2095
 70.555   2005
 70.584   2145
 70.613   2028
 70.642   2109
 70.671   2151
 70.700   2146
 70.729   1945
 70.758   1828
 70.787   1632
 70.816   1526
 70.845   1576
 70.874   1484
 70.903   1590
 70.932   1610
 70.962   1622
 70.991   1658
 71.020   1622
 71.049   1731
 71.078   1668
 71.107   1601
 71.136   1700
 71.165   1651
 71.194   1560
 71.223   1441
 71.252   1439
 71.281   1400
 71.310   1369
 71.339   1343
 71.368   1367
 71.397   1456
 71.426   1392
 71.455   1348
 71.484   1229
 71.513   1217
 71.542   1336
 71.571   1272
 71.600   1381
 71.629   1331
 71.658   1316
 71.687   1266
 71.717   1144
 71.746   1241
 71.775   1386
 71.804   1479
 71.833   1390
 71.862   1354
 71.891   1404
 71.920   1373
 71.949   1292
 71.978   1230
 72.007   1236
 72.036   1270
 72.065   1358
 72.094   1289
 72.123   1249
 72.152   1314
 72.181   1273
 72.210   1311
 72.239   1318
 72.268   1329
 72.297   1348
 72.326   1307
 72.355   1326
 72.384   1373
 72.413   1357
 72.443   1325
 72.472   1349
 72.501   1403
 72.530   1378
 72.559   1366
 72.588   1314
 72.617   1358
 72.646   1353
 72.675   1455
 72.704   1487
 72.733   1534
 72.762   1575
 72.791   1685
 72.820   1671
 72.849   1736
 72.878   1613
 72.907   1673
 72.936   1709
 72.965   1710
 72.994   1699
 73.023   1697
 73.052   1808
 73.081   1718
 73.110   1846
 73.139   1894
 73.168   1904
 73.198   1871
 73.227   1796
 73.256   1834
 73.285   1868
 73.314   1730
 73.343   1747
 73.372   1636
 73.401   1614
 73.430   1606
 73.459   1503
 73.488   1541
 73.517   1506
 73.546   1494
 73.575   1440
 73.604   1442
 73.633   1399
 73.662   1355
 73.691   1398
 73.720   1453
 73.749   1489
 73.778   1549
 73.807   1573
 73.836   1572
 73.865   1590
 73.894   1607
 73.923   1705
 73.953   1754
 73.982   1871
 74.011   1826
 74.040   1921
 74.069   1927
 74.098   1994
 74.127   2048
 74.156   1992
 74.185   2114
 74.214   2303
 74.243   2313
 74.272   2284
 74.301   2406
 74.330   2358
 74.359   2102
 74.388   1954
 74.417   1819
 74.446   1705
 74.475   1599
 74.504   1659
 74.533   1668
 74.562   1578
 74.591   1593
 74.620   1525
 74.649   1558
 74.679   1599
 74.708   1554
 74.737   1554
 74.766   1641
 74.795   1581
 74.824   1650
 74.853   1522
 74.882   1545
 74.911   1670
 74.940   1673
 74.969   1639
 74.998   1700
 75.027   1751
 75.056   1740
 75.085   1664
 75.114   1519
 75.143   1241
 75.172   1369
 75.201   1568
 75.230   1622
 75.259   1553
 75.288   1434
 75.317   1491
 75.346   1545
 75.375   1669
 75.404   1628
 75.434   1506
 75.463   1645
 75.492   1619
 75.521   1687
 75.550   1685
 75.579   1733
 75.608   1776
 75.637   1889
 75.666   1795
 75.695   1815
 75.724   1816
 75.753   1808
 75.782   1855
 75.811   1943
 75.840   1969
 75.869   2002
 75.898   1949
 75.927   1941
 75.956   1897
 75.985   1846
 76.014   1801
 76.043   1734
 76.072   1814
 76.101   1866
 76.130   1908
 76.159   1864
 76.189   1888
 76.218   1880
 76.247   1917
 76.276   1864
 76.305   1855
 76.334   1719
 76.363   1699
 76.392   1703
 76.421   1613
 76.450   1648
 76.479   1522
 76.508   1567
 76.537   1547
 76.566   1634
 76.595   1693
 76.624   1747
 76.653   1766
 76.682   1873
 76.711   1722
 76.740   1834
 76.769   1791
 76.798   1793
 76.827   1767
 76.856   1746
 76.885   1915
 76.915   1969
 76.944   1996
 76.973   2100
 77.002   2107
 77.031   2206
 77.060   2230
 77.089   2240
 77.118   2254
 77.147   2228
 77.176   2135
 77.205   2033
 77.234   1890
 77.263   1819
 77.292   1832
 77.321   1802
 77.350   1821
 77.379   1754
 77.408   1825
 77.437   1820
 77.466   1729
 77.495   1725
 77.524   1817
 77.553   1704
 77.582   1729
 77.611   1691
 77.640   1596
 77.670   1638
 77.699   1649
 77.728   1549
 77.757   1628
 77.786   1704
 77.815   1862
 77.844   1975
 77.873   1906
 77.902   1941
 77.931   1957
 77.960   1936
 77.989   2160
 78.018   2144
 78.047   2180
 78.076   2223
 78.105   2290
 78.134   2172
 78.163   2131
 78.192   2108
 78.221   1879
 78.250   1908
 78.279   1830
 78.308   1849
 78.337   1804
 78.366   1718
 78.395   1806
 78.425   1849
 78.454   1835
 78.483   1944
 78.512   1997
 78.541   2054
 78.570   2032
 78.599   2034
 78.628   1913
 78.657   1972
 78.686   1948
 78.715   1980
 78.744   2016
 78.773   1860
 78.802   1703
 78.831   1618
 78.860   1588
 78.889   1570
 78.918   1580
 78.947   1507
 78.976   1578
 79.005   1461
 79.034   1599
 79.063   1535
 79.092   1665
 79.121   1639
 79.150   1604
 79.180   1604
 79.209   1606
 79.238   1652
 79.267   1663
 79.296   1627
 79.325   1645
 79.354   1599
 79.383   1676
 79.412   1644
 79.441   1582
 79.470   1591
 79.499   1621
 79.528   1577
 79.557   1682
 79.586   1678
 79.615   1683
 79.644   1676
 79.673   1710
 79.702   1777
 79.731   1752
 79.760   1784
 79.789   1776
 79.818   1774
 79.847   1854
 79.876   1758
 79.906   1652
 79.935   1644
 79.964   1688
 79.993   1666
 80.022   1676
 80.051   1641
 80.080   1572
 80.109   1747
 80.138   1746
 80.167   1730
 80.196   1729
 80.225   1675
 80.254   1544
 80.283   1601
 80.312   1602
 80.341   1530
 80.370   1678
 80.399   1752
 80.428   1753
 80.457   1723
 80.486   1661
 80.515   1590
 80.544   1576
 80.573   1626
 80.602   1684
 80.631   1558
 80.661   1511
 80.690   1459
 80.719   1385
 80.748   1348
 80.777   1380
 80.806   1374
 80.835   1457
 80.864   1390
 80.893   1521
 80.922   1492
 80.951   1505
 80.980   1505
 81.009   1595
 81.038   1587
 81.067   1573
 81.096   1510
 81.125   1550
 81.154   1507
 81.183   1571
 81.212   1511
 81.241   1523
 81.270   1412
 81.299   1331
 81.328   1333
 81.357   1356
 81.386   1407
 81.416   1324
 81.445   1298
 81.474   1294
 81.503   1309
 81.532   1349
 81.561   1346
 81.590   1344
 81.619   1216
 81.648   1175
 81.677   1155
 81.706   1145
 81.735   1115
 81.764   1073
 81.793   1009
 81.822    967
 81.851    973
 81.880    952
 81.909   1073
 81.938   1057
 81.967   1079
 81.996   1049
 82.025   1056
 82.054    994
 82.083   1043
 82.112   1065
 82.142   1128
 82.171   1142
 82.200   1082
 82.229   1141
 82.258   1153
 82.287   1142
 82.316   1074
 82.345   1184
 82.374   1181
 82.403   1268
 82.432   1287
 82.461   1227
 82.490   1274
 82.519   1421
 82.548   1416
 82.577   1307
 82.606   1424
 82.635   1402
 82.664   1417
 82.693   1388
 82.722   1520
 82.751   1470
 82.780   1533
 82.809   1503
 82.838   1584
 82.867   1630
 82.897   1612
 82.926   1627
 82.955   1648
 82.984   1573
 83.013   1535
 83.042   1553
 83.071   1353
 83.100   1480
 83.129   1337
 83.158   1345
 83.187   1266
 83.216   1281
 83.245   1281
 83.274   1358
 83.303   1292
 83.332   1382
 83.361   1414
 83.390   1381
 83.419   1388
 83.448   1475
 83.477   1480
 83.506   1471
 83.535   1524
 83.564   1428
 83.593   1379
 83.622   1448
 83.652   1455
 83.681   1459
 83.710   1408
 83.739   1414
 83.768   1361
 83.797   1270
 83.826   1377
 83.855   1391
 83.884   1394
 83.913   1379
 83.942   1334
 83.971   1357
 84.000   1217
 84.029   1066
 84.058   1043
 84.087   1016
 84.116   1140
 84.145   1340
 84.174   1322
 84.203   1326
 84.232   1197
 84.261   1311
 84.290   1417
 84.319   1436
 84.348   1359
 84.377   1334
 84.407   1247
 84.436   1245
 84.465   1234
 84.494   1180
 84.523   1111
 84.552   1066
 84.581   1037
 84.610    984
 84.639    887
 84.668    894
 84.697    865
 84.726    842
 84.755    811
 84.784    756
 84.813    682
 84.842    678
 84.871    771
 84.900    782
 84.929    778
 84.958    788
 84.987    752
 85.016    704
 85.045    683
 85.074    738
 85.103    711
 85.133    721
 85.162    687
 85.191    667
 85.220    608
 85.249    598
 85.278    505
 85.307    555
 85.336    567
 85.365    516
 85.394    472
 85.423    504
 85.452    466
 85.481    470
 85.510    480
 85.539    482
 85.568    458
 85.597    455
 85.626    527
 85.655    483
 85.684    549
 85.713    459
 85.742    499
 85.771    468
 85.800    501
 85.829    466
 85.858    466
 85.888    442
 85.917    460
 85.946    451
 85.975    437
 86.004    478
 86.033    486
 86.062    451
 86.091    492
 86.120    567
 86.149    563
 86.178    572
 86.207    639
 86.236    623
 86.265    663
 86.294    655
 86.323    675
 86.352    717
 86.381    689
 86.410    711
 86.439    733
 86.468    740
 86.497    839
 86.526    802
 86.555    762
 86.584    755
 86.613    747
 86.643    745
 86.672    786
 86.701    795
 86.730    830
 86.759    969
 86.788   1048
 86.817   1025
 86.846   1092
 86.875   1210
 86.904   1158
 86.933   1180
 86.962   1081
 86.991   1019
 87.020   1006
 87.049    936
 87.078   1111
 87.107   1077
 87.136   1170
 87.165   1169
 87.194   1272
 87.223   1275
 87.252   1221
 87.281   1252
 87.310   1120
 87.339   1101
 87.369   1162
 87.398   1084
 87.427   1110
 87.456   1204
 87.485   1234
 87.514   1343
 87.543   1270
 87.572   1323
 87.601   1326
 87.630   1266
 87.659   1282
 87.688   1281
 87.717   1178
 87.746   1176
 87.775   1195
 87.804   1230
 87.833   1147
 87.862   1146
 87.891   1188
 87.920   1173
 87.949   1166
 87.978   1132
 88.007   1203
 88.036   1092
 88.065   1069
 88.094   1046
 88.124    985
 88.153   1015
 88.182    990
 88.211    952
 88.240    949
 88.269    883
 88.298    860
 88.327    790
 88.356    839
 88.385    858
 88.414    869
 88.443    852
 88.472    849
 88.501    870
 88.530    848
 88.559    813
 88.588    787
 88.617    737
 88.646    816
 88.675    834
 88.704    909
 88.733    867
 88.762    859
 88.791    844
 88.820    862
 88.849    816
 88.879    856
 88.908    908
 88.937    797
 88.966    817
 88.995    772
 89.024    748
 89.053    782
 89.082    872
 89.111    883
 89.140    966
 89.169    914
 89.198    980
 89.227   1000
 89.256   1017
 89.285   1005
 89.314   1017
 89.343   1037
 89.372   1002
 89.401    989
 89.430    996
 89.459   1024
 89.488   1109
 89.517   1204
 89.546   1228
 89.575   1181
 89.604   1176
 89.634   1151
 89.663   1064
 89.692   1090
 89.721   1069
 89.750   1039
 89.779    983
 89.808   1018
 89.837    946
 89.866    971
 89.895   1008
 89.924    982
 89.953    948
 89.982    931
 90.011    906
 90.040    911
 90.069    933
 90.098    960
 90.127    954
 90.156    960
 90.185    943
 90.214    953
 90.243   1054
 90.272    954
 90.301   1028
 90.330    900
 90.360   1001
 90.389    959
 90.418   1035
 90.447    966
 90.476    969
 90.505   1046
 90.534    978
 90.563    989
 90.592    916
 90.621    818
 90.650    881
 90.679    823
 90.708    862
 90.737    843
 90.766    805
 90.795    791
 90.824    838
 90.853    865
 90.882    923
 90.911    902
 90.940    809
 90.969    795
 90.998    780
 91.027    818
 91.056    840
 91.085    724
 91.115    815
 91.144    750
 91.173    744
 91.202    754
 91.231    776
 91.260    729
 91.289    701
 91.318    744
 91.347    710
 91.376    784
 91.405    725
 91.434    713
 91.463    743
 91.492    712
 91.521    781
 91.550    751
 91.579    773
 91.608    811
 91.637    863
 91.666    869
 91.695    822
 91.724    755
 91.753    680
 91.782    687
 91.811    661
 91.840    702
 91.870    655
 91.899    629
 91.928    605
 91.957    582
 91.986    590
 92.015    598
 92.044    578
 92.073    555
 92.102    496
 92.131    548
 92.160    526
 92.189    487
 92.218    584
 92.247    550
 92.276    571
 92.305    579
 92.334    589
 92.363    638
 92.392    591
 92.421    580
 92.450    578
 92.479    601
 92.508    664
 92.537    681
 92.566    636
 92.596    555
 92.625    545
 92.654    562
 92.683    520
 92.712    494
 92.741    486
 92.770    514
 92.799    491
 92.828    478
 92.857    471
 92.886    530
 92.915    520
 92.944    505
 92.973    635
 93.002    605
 93.031    666
 93.060    672
 93.089    697
 93.118    610
 93.147    608
 93.176    522
 93.205    555
 93.234    517
 93.263    471
 93.292    472
 93.321    471
 93.351    475
 93.380    462
 93.409    494
 93.438    404
 93.467    402
 93.496    401
 93.525    372
 93.554    381
 93.583    376
 93.612    379
 93.641    404
 93.670    388
 93.699    384
 93.728    380
 93.757    341
 93.786    352
 93.815    354
 93.844    366
 93.873    388
 93.902    355
 93.931    375
 93.960    374
 93.989    370
 94.018    428
 94.047    432
 94.076    490
 94.106    519
 94.135    515
 94.164    536
 94.193    552
 94.222    619
 94.251    703
 94.280    746
 94.309    762
 94.338    758
 94.367    746
 94.396    754
 94.425    763
 94.454    794
 94.483    782
 94.512    787
 94.541    833
 94.570    767
 94.599    779
 94.628    797
 94.657    792
 94.686    803
 94.715    808
 94.744    861
 94.773    858
 94.802    813
 94.832    788
 94.861    826
 94.890    801
 94.919    803
 94.948    777
 94.977    771
 95.006    848
 95.035    826
 95.064    878
 95.093    845
 95.122    799
 95.151    851
 95.180    821
 95.209    808
 95.238    810
 95.267    791
 95.296    751
 95.325    803
 95.354    743
 95.383    758
 95.412    715
 95.441    826
 95.470    767
 95.499    823
 95.528    817
 95.557    788
 95.587    779
 95.616    830
 95.645    831
 95.674    857
 95.703    844
 95.732    822
 95.761    824
 95.790    760
 95.819    764
 95.848    700
 95.877    625
 95.906    546
 95.935    573
 95.964    571
 95.993    645
 96.022    693
 96.051    748
 96.080    703
 96.109    728
 96.138    691
 96.167    782
 96.196    759
 96.225    794
 96.254    815
 96.283    829
 96.312    889
 96.342    885
 96.371    917
 96.400    884
 96.429    909
 96.458    904
 96.487    912
 96.516    919
 96.545    876
 96.574    936
 96.603    957
 96.632    939
 96.661    883
 96.690    862
 96.719    854
 96.748    823
 96.777    879
 96.806    863
 96.835    852
 96.864    903
 96.893    882
 96.922    911
 96.951    945
 96.980    956
 97.009    978
 97.038    863
 97.067    901
 97.097    910
 97.126    944
 97.155    915
 97.184    930
 97.213    962
 97.242    956
 97.271   1006
 97.300   1049
 97.329   1006
 97.358    990
 97.387   1036
 97.416   1009
 97.445   1046
 97.474   1083
 97.503   1092
 97.532   1141
 97.561   1123
 97.590   1162
 97.619   1128
 97.648   1174
 97.677   1145
 97.706   1178
 97.735   1187
 97.764   1238
 97.793   1122
 97.823   1139
 97.852   1111
 97.881   1128
 97.910   1177
 97.939   1186
 97.968   1187
 97.997   1174
 98.026   1187
 98.055   1235
 98.084   1163
 98.113   1129
 98.142   1176
 98.171   1175
 98.200   1112
 98.229   1087
 98.258   1101
 98.287   1106
 98.316   1180
 98.345   1145
 98.374   1148
 98.403   1165
 98.432   1152
 98.461   1156
 98.490   1237
 98.519   1171
 98.548   1198
 98.578   1147
 98.607   1267
 98.636   1241
 98.665   1201
 98.694   1226
 98.723   1258
 98.752   1178
 98.781   1185
 98.810   1161
 98.839   1165
 98.868   1075
 98.897   1090
 98.926   1084
 98.955   1094
 98.984   1054
 99.013   1148
 99.042   1134
 99.071   1127
 99.100   1090
 99.129   1177
 99.158   1117
 99.187   1123
 99.216   1156
 99.245   1074
 99.274   1157
 99.303   1164
 99.333   1159
 99.362   1187
 99.391   1191
 99.420   1270
 99.449   1270
 99.478   1252
 99.507   1201
 99.536   1194
 99.565   1242
 99.594   1163
 99.623   1177
 99.652   1155
 99.681   1186
 99.710   1263
 99.739   1226
 99.768   1247
 99.797   1252
 99.826   1216
 99.855   1176
 99.884   1256
 99.913   1302
 99.942   1332
 99.971   1287
100.000   1351
100.029   1248
100.059   1300
100.088   1309
100.117   1217
100.146   1280
100.175   1238
100.204   1208
100.233   1194
100.262   1216
100.291   1213
100.320   1299
100.349   1281
100.378   1132
100.407   1250
100.436   1157
100.465   1265
100.494   1199
100.523   1244
100.552   1275
100.581   1321
100.610   1269
100.639   1290
100.668   1251
100.697   1229
100.726   1256
100.755   1222
100.784   1264
100.814   1260
100.843   1191
100.872   1280
100.901   1281
100.930   1318
100.959   1278
100.988   1231
101.017   1280
101.046   1273
101.075   1200
101.104   1248
101.133   1252
101.162   1205
101.191   1329
101.220   1259
101.249   1267
101.278   1187
101.307   1216
101.336   1164
101.365   1176
101.394   1223
101.423   1076
101.452   1075
101.481   1138
101.510   1150
101.539   1063
101.569   1171
101.598   1174
101.627   1156
101.656   1103
101.685   1167
101.714   1191
101.743   1263
101.772   1257
101.801   1307
101.830   1231
101.859   1244
101.888   1276
101.917   1255
101.946   1258
101.975   1293
102.004   1289
102.033   1230
102.062   1213
102.091   1248
102.120   1237
102.149   1282
102.178   1208
102.207   1251
102.236   1276
102.265   1272
102.294   1304
102.324   1302
102.353   1350
102.382   1358
102.411   1278
102.440   1317
102.469   1337
102.498   1264
102.527   1178
102.556   1216
102.585   1196
102.614   1180
102.643   1171
102.672   1185
102.701   1221
102.730   1270
102.759   1172
102.788   1161
102.817   1165
102.846   1160
102.875   1142
102.904   1159
102.933   1200
102.962   1238
102.991   1257
103.020   1288
103.050   1254
103.079   1220
103.108   1195
103.137   1130
103.166   1098
103.195   1078
103.224   1072
103.253   1161
103.282   1115
103.311   1081
103.340   1071
103.369   1029
103.398   1046
103.427   1024
103.456   1052
103.485   1075
103.514   1096
103.543   1096
103.572   1221
103.601   1212
103.630   1126
103.659   1140
103.688   1125
103.717   1177
103.746   1132
103.775   1195
103.805   1172
103.834   1258
103.863   1134
103.892   1168
103.921   1220
103.950   1263
103.979   1201
104.008   1220
104.037   1256
104.066   1243
104.095   1226
104.124   1218
104.153   1203
104.182   1238
104.211   1349
104.240   1215
104.269   1224
104.298   1294
104.327   1264
104.356   1370
104.385   1311
104.414   1207
104.443   1247
104.472   1265
104.501   1233
104.530   1266
104.560   1193
104.589   1281
104.618   1199
104.647   1159
104.676   1161
104.705   1128
104.734   1141
104.763   1134
104.792   1180
104.821   1095
104.850   1136
104.879   1118
104.908   1104
104.937   1167
104.966   1137
104.995   1127
105.024   1177
105.053   1121
105.082   1058
105.111   1053
105.140   1137
105.169   1155
105.198   1059
105.227   1162
105.256   1119
105.286   1108
105.315   1104
105.344   1142
105.373   1195
105.402   1227
105.431   1206
105.460   1226
105.489   1194
105.518   1231
105.547   1188
105.576   1175
105.605   1122
105.634   1101
105.663   1107
105.692   1118
105.721   1198
105.750   1114
105.779   1092
105.808   1199
105.837   1162
105.866   1175
105.895   1121
105.924   1109
105.953   1130
105.982   1120
106.011   1162
106.041   1154
106.070   1144
106.099   1138
106.128   1160
106.157   1178
106.186   1096
106.215   1120
106.244   1138
106.273   1137
106.302   1144
106.331   1128
106.360   1218
106.389   1151
106.418   1174
106.447   1181
106.476   1203
106.505   1181
106.534   1247
106.563   1157
106.592   1099
106.621   1065
106.650   1080
106.679   1063
106.708   1057
106.737   1033
106.766   1067
106.796   1078
106.825   1053
106.854   1047
106.883   1007
106.912   1001
106.941   1004
106.970    992
106.999    976
107.028    998
107.057    907
107.086    899
107.115    892
107.144    931
107.173    854
107.202    975
107.231    978
107.260    943
107.289    936
107.318    920
107.347    980
107.376    904
107.405    984
107.434    966
107.463    935
107.492    896
107.522    966
107.551    915
107.580    884
107.609    878
107.638    880
107.667    943
107.696    877
107.725    936
107.754    854
107.783    865
107.812    878
107.841    978
107.870    913
107.899    906
107.928    905
107.957    948
107.986    901
108.015    820
108.044    856
108.073    891
108.102    882
108.131    839
108.160    850
108.189    823
108.218    844
108.247    797
108.277    841
108.306    794
108.335    773
108.364    722
108.393    834
108.422    841
108.451    804
108.480    797
108.509    825
108.538    821
108.567    876
108.596    836
108.625    903
108.654    902
108.683    837
108.712    849
108.741    818
108.770    824
108.799    860
108.828    786
108.857    862
108.886    817
108.915    791
108.944    802
108.973    794
109.002    788
109.032    805
109.061    830
109.090    820
109.119    806
109.148    805
109.177    824
109.206    799
109.235    876
109.264    850
109.293    782
109.322    820
109.351    831
109.380    789
109.409    829
109.438    748
109.467    739
109.496    771
109.525    768
109.554    825
109.583    835
109.612    815
109.641    823
109.670    775
109.699    817
109.728    771
109.757    803
109.787    826
109.816    802
109.845    779
109.874    799
109.903    811
109.932    712
109.961    793
109.990    735
110.019    788
110.048    754
110.077    755
110.106    757
110.135    767
110.164    784
110.193    800
110.222    779
110.251    816
110.280    820
110.309    797
110.338    849
110.367    856
110.396    854
110.425    859
110.454    827
110.483    828
110.513    872
110.542    890
110.571    858
110.600    899
110.629    885
110.658    921
110.687    882
110.716    898
110.745    886
110.774    893
110.803    821
110.832    802
110.861    842
110.890    858
110.919    847
110.948    806
110.977    876
111.006    806
111.035    837
111.064    826
111.093    845
111.122    838
111.151    857
111.180    819
111.209    893
111.238    862
111.268    830
111.297    914
111.326    887
111.355    903
111.384    905
111.413    922
111.442    864
111.471    933
111.500    951
111.529    911
111.558    856
111.587    873
111.616    890
111.645    851
111.674    839
111.703    877
111.732    872
111.761    879
111.790    888
111.819    887
111.848    847
111.877    890
111.906    933
111.935    942
111.964    956
111.993    991
112.023    994
112.052    976
112.081   1014
112.110   1004
112.139   1031
112.168    994
112.197   1023
112.226   1041
112.255   1019
112.284   1014
112.313    928
112.342    961
112.371    971
112.400    989
112.429    925
112.458    964
112.487    967
112.516    962
112.545    901
112.574    961
112.603    889
112.632    872
112.661    903
112.690    921
112.719    876
112.749    866
112.778    926
112.807    959
112.836    953
112.865    919
112.894    944
112.923    940
112.952    881
112.981    903
113.010    909
113.039    869
113.068    903
113.097    843
113.126    861
113.155    936
113.184    853
113.213    904
113.242    841
113.271    900
113.300    927
113.329    916
113.358    928
113.387    920
113.416    867
113.445    887
113.474    967
113.504    866
113.533    923
113.562    900
113.591    931
113.620    915
113.649    907
113.678    931
113.707    891
113.736    961
113.765    986
113.794    994
113.823   1006
113.852    972
113.881    968
113.910    951
113.939    954
113.968    931
113.997   1000
114.026    971
114.055    961
114.084   1010
114.113    946
114.142   1010
114.171    959
114.200    974
114.229    977
114.259    933
114.288    958
114.317    926
114.346    902
114.375    897
114.404    872
114.433    842
114.462    888
114.491    857
114.520    934
114.549    884
114.578    991
114.607   1094
114.636   1211
114.665   1177
114.694   1250
114.723   1261
114.752   1196
114.781   1202
114.810   1112
114.839   1100
114.868   1091
114.897   1133
114.926   1175
114.955   1130
114.984   1149
115.014   1166
115.043   1168
115.072   1116
115.101   1134
115.130   1115
115.159   1179
115.188   1212
115.217   1186
115.246   1106
115.275   1226
115.304   1118
115.333   1177
115.362   1175
115.391   1184
115.420   1166
115.449   1171
115.478   1231
115.507   1168
115.536   1144
115.565   1161
115.594   1152
115.623   1098
115.652   1172
115.681   1222
115.710   1115
115.740   1153
115.769   1146
115.798   1106
115.827   1071
115.856   1116
115.885   1019
115.914    973
115.943    963
115.972    881
116.001    872
116.030    919
116.059    930
116.088    893
116.117    937
116.146    922
116.175    893
116.204    930
116.233    940
116.262    891
116.291    907
116.320    867
116.349    872
116.378    880
116.407    892
116.436    892
116.465    863
116.495    846
116.524    868
116.553    929
116.582    929
116.611    906
116.640    902
116.669    869
116.698    924
116.727    955
116.756    972
116.785    940
116.814    861
116.843    938
116.872    930
116.901    885
116.930    956
116.959   1000
116.988    997
117.017   1015
117.046    993
117.075   1026
117.104   1067
117.133   1027
117.162   1038
117.191   1076
117.220   1084
117.250   1089
117.279   1087
117.308   1056
117.337   1094
117.366   1078
117.395   1013
117.424    992
117.453   1063
117.482   1097
117.511   1055
117.540   1061
117.569   1088
117.598   1005
117.627   1081
117.656   1065
117.685   1062
117.714   1064
117.743   1078
117.772   1031
117.801   1109
117.830   1032
117.859   1043
117.888   1020
117.917   1105
117.946    994
117.976   1069
118.005   1043
118.034   1049
118.063   1013
118.092   1097
118.121   1062
118.150    991
118.179   1058
118.208   1096
118.237   1061
118.266   1004
118.295    994
118.324   1083
118.353   1077
118.382   1048
118.411   1162
118.440   1207
118.469   1173
118.498   1197
118.527   1213
118.556   1196
118.585   1195
118.614   1174
118.643   1175
118.672   1237
118.701   1211
118.731   1232
118.760   1201
118.789   1228
118.818   1207
118.847   1188
118.876   1195
118.905   1213
118.934   1331
118.963   1285
118.992   1312
119.021   1257
119.050   1249
119.079   1309
119.108   1246
119.137   1158
119.166   1041
119.195    802
119.224    547
119.253    312
119.282     76
119.311      8
119.340      0
119.369      0
119.398      0
119.427      0
119.456      0
119.486      0
119.515      0
119.544      0
119.573      0
119.602      0
119.631      0
119.660      0
119.689      0
119.718      0
119.747      0
119.776      0
119.805      0
119.834      0
119.863      0
119.892      0
119.921      0
119.950      0
119.979      0
120.008      0
120.037      0
120.066      0
120.095      0
120.124      0
120.153      0
120.182      0
120.212      0
120.241      0
120.270      0
120.299      0
120.328      0
120.357      0
120.386      0
120.415      0
120.444      0
120.473      0
120.502      0
120.531      0
120.560      0
