 10.000      0
 10.030      0
 10.060      0
 10.091      0
 10.121      0
 10.151      0
 10.181      0
 10.212      0
 10.242      0
 10.272      0
 10.302      0
 10.333      0
 10.363      0
 10.393      0
 10.423      0
 10.454      0
 10.484      0
 10.514      0
 10.544      0
 10.575      0
 10.605      0
 10.635      0
 10.665      0
 10.696      0
 10.726      0
 10.756      0
 10.786      0
 10.817      0
 10.847      0
 10.877      0
 10.907      0
 10.938     26
 10.968     31
 10.998     20
 11.028     31
 11.059     23
 11.089     16
 11.119     27
 11.149     21
 11.180     22
 11.210     18
 11.240     22
 11.270     17
 11.301     18
 11.331     11
 11.361     18
 11.391     18
 11.421     17
 11.452     12
 11.482     12
 11.512     22
 11.542     20
 11.573     25
 11.603     15
 11.633     16
 11.663     11
 11.694     21
 11.724     14
 11.754     11
 11.784     27
 11.815     11
 11.845     19
 11.875     11
 11.905     16
 11.936     19
 11.966     25
 11.996     16
 12.026     16
 12.057     12
 12.087     27
 12.117      9
 12.147     25
 12.178     17
 12.208     18
 12.238     15
 12.268     10
 12.299     15
 12.329     17
 12.359     14
 12.389     10
 12.420     18
 12.450     15
 12.480     18
 12.510     14
 12.541      7
 12.571     20
 12.601     18
 12.631     19
 12.661     17
 12.692     13
 12.722     21
 12.752     13
 12.782     25
 12.813     12
 12.843     16
 12.873     11
 12.903     21
 12.934     23
 12.964     15
 12.994     25
 13.024     15
 13.055     18
 13.085     22
 13.115     20
 13.145     28
 13.176     15
 13.206     14
 13.236     23
 13.266     17
 13.297     20
 13.327     20
 13.357     23
 13.387     16
 13.418     31
 13.448     14
 13.478     18
 13.508     27
 13.539     24
 13.569     21
 13.599     15
 13.629     19
 13.660     24
 13.690     13
 13.720     21
 13.750     19
 13.781     23
 13.811     16
 13.841     18
 13.871     24
 13.902     23
 13.932     21
 13.962     14
 13.992     17
 14.022     18
 14.053     16
 14.083     22
 14.113     21
 14.143     12
 14.174     18
 14.204     24
 14.234     24
 14.264     24
 14.295     17
 14.325     17
 14.355     18
 14.385     15
 14.416     19
 14.446     16
 14.476     26
 14.506     13
 14.537     23
 14.567     21
 14.597     35
 14.627     24
 14.658     18
 14.688     20
 14.718     21
 14.748     17
 14.779     21
 14.809     23
 14.839     27
 14.869     20
 14.900     19
 14.930     18
 14.960     22
 14.990     18
 15.021     25
 15.051     22
 15.081     18
 15.111     19
 15.142     27
 15.172     23
 15.202     34
 15.232     32
 15.262     18
 15.293     28
 15.323     29
 15.353     27
 15.383     27
 15.414     19
 15.444     28
 15.474     27
 15.504     35
 15.535     28
 15.565     25
 15.595     23
 15.625     21
 15.656     34
 15.686     36
 15.716     26
 15.746     35
 15.777     33
 15.807     32
 15.837     28
 15.867     30
 15.898     26
 15.928     31
 15.958     27
 15.988     35
 16.019     28
 16.049     42
 16.079     23
 16.109     27
 16.140     37
 16.170     26
 16.200     31
 16.230     34
 16.261     43
 16.291     37
 16.321     40
 16.351     41
 16.382     35
 16.412     48
 16.442     41
 16.472     41
 16.503     45
 16.533     44
 16.563     46
 16.593     44
 16.623     59
 16.654     57
 16.684     62
 16.714     63
 16.744     63
 16.775     55
 16.805     44
 16.835     57
 16.865     66
 16.896     79
 16.926     71
 16.956     60
 16.986     68
 17.017     70
 17.047    105
 17.077     81
 17.107     98
 17.138    173
 17.168    279
 17.198    608
 17.228    978
 17.259   1369
 17.289   1885
 17.319   2181
 17.349   2527
 17.380   2955
 17.410   3305
 17.440   3684
 17.470   4081
 17.501   4258
 17.531   4358
 17.561   4453
 17.591   4441
 17.622   4514
 17.652   4591
 17.682   4592
 17.712   4728
 17.743   4757
 17.773   4683
 17.803   4647
 17.833   4645
 17.863   4671
 17.894   4716
 17.924   4781
 17.954   4618
 17.984   4585
 18.015   4610
 18.045   4676
 18.075   4788
 18.105   4715
 18.136   4644
 18.166   4756
 18.196   4779
 18.226   4818
 18.257   4838
 18.287   4761
 18.317   4749
 18.347   4624
 18.378   4563
 18.408   4634
 18.438   4836
 18.468   4831
 18.499   4765
 18.529   4765
 18.559   4772
 18.589   4809
 18.620   4819
 18.650   4883
 18.680   4755
 18.710   4554
 18.741   4495
 18.771   4621
 18.801   4753
 18.831   4911
 18.862   4887
 18.892   4885
 18.922   4766
 18.952   4760
 18.983   4773
 19.013   4896
 19.043   4807
 19.073   4776
 19.104   4866
 19.134   4712
 19.164   4918
 19.194   4698
 19.224   4759
 19.255   4873
 19.285   4652
 19.315   4755
 19.345   4723
 19.376   4792
 19.406   4727
 19.436   4698
 19.466   4715
 19.497   4628
 19.527   4754
 19.557   4729
 19.587   4693
 19.618   4850
 19.648   4644
 19.678   4860
 19.708   4695
 19.739   4681
 19.769   4620
 19.799   4674
 19.829   4494
 19.860   4750
 19.890   4828
 19.920   4553
 19.950   4635
 19.981   4533
 20.011   4503
 20.041   4704
 20.071   4588
 20.102   4720
 20.132   4666
 20.162   4609
 20.192   4601
 20.223   4583
 20.253   4580
 20.283   4528
 20.313   4532
 20.344   4400
 20.374   4509
 20.404   4553
 20.434   4616
 20.464   4601
 20.495   4567
 20.525   4534
 20.555   4575
 20.585   4519
 20.616   4606
 20.646   4386
 20.676   4453
 20.706   4593
 20.737   4459
 20.767   4591
 20.797   4607
 20.827   4504
 20.858   4465
 20.888   4490
 20.918   4401
 20.948   4524
 20.979   4470
 21.009   4465
 21.039   4343
 21.069   4546
 21.100   4499
 21.130   4436
 21.160   4433
 21.190   4453
 21.221   4343
 21.251   4327
 21.281   4457
 21.311   4306
 21.342   4435
 21.372   4438
 21.402   4318
 21.432   4322
 21.463   4436
 21.493   4232
 21.523   4223
 21.553   4327
 21.584   4291
 21.614   4363
 21.644   4424
 21.674   4108
 21.705   4216
 21.735   4176
 21.765   4226
 21.795   4146
 21.825   4332
 21.856   4252
 21.886   4233
 21.916   4219
 21.946   4394
 21.977   4344
 22.007   4139
 22.037   4154
 22.067   4200
 22.098   4093
 22.128   4066
 22.158   4106
 22.188   4185
 22.219   4146
 22.249   4061
 22.279   4199
 22.309   4238
 22.340   4328
 22.370   4130
 22.400   4334
 22.430   4164
 22.461   4185
 22.491   4184
 22.521   4210
 22.551   4156
 22.582   4113
 22.612   4234
 22.642   4211
 22.672   4098
 22.703   4051
 22.733   3984
 22.763   4125
 22.793   4175
 22.824   4178
 22.854   4234
 22.884   4156
 22.914   4209
 22.945   4048
 22.975   4079
 23.005   4144
 23.035   4200
 23.065   4051
 23.096   4138
 23.126   4142
 23.156   4295
 23.186   4130
 23.217   4154
 23.247   4069
 23.277   3858
 23.307   4098
 23.338   4072
 23.368   4097
 23.398   4014
 23.428   4007
 23.459   3891
 23.489   3921
 23.519   4011
 23.549   3909
 23.580   3862
 23.610   3968
 23.640   3919
 23.670   3865
 23.701   3960
 23.731   4092
 23.761   3994
 23.791   4092
 23.822   4037
 23.852   4195
 23.882   4057
 23.912   4030
 23.943   3990
 23.973   3910
 24.003   4004
 24.033   4039
 24.064   3963
 24.094   4026
 24.124   4106
 24.154   3986
 24.185   3930
 24.215   3905
 24.245   3975
 24.275   4064
 24.306   4148
 24.336   4015
 24.366   3924
 24.396   3975
 24.426   3930
 24.457   4062
 24.487   3893
 24.517   3938
 24.547   3855
 24.578   3883
 24.608   3858
 24.638   3838
 24.668   3912
 24.699   3956
 24.729   3772
 24.759   3981
 24.789   3919
 24.820   3819
 24.850   3892
 24.880   3912
 24.910   4015
 24.941   3958
 24.971   3899
 25.001   3948
 25.031   4054
 25.062   3973
 25.092   3941
 25.122   3910
 25.152   3840
 25.183   3846
 25.213   3906
 25.243   3932
 25.273   3880
 25.304   3799
 25.334   3737
 25.364   3730
 25.394   3811
 25.425   3771
 25.455   3856
 25.485   3772
 25.515   3799
 25.546   3698
 25.576   3850
 25.606   3753
 25.636   3791
 25.666   3719
 25.697   3682
 25.727   3684
 25.757   3737
 25.787   3819
 25.818   3682
 25.848   3736
 25.878   3692
 25.908   3589
 25.939   3672
 25.969   3613
 25.999   3710
 26.029   3589
 26.060   3731
 26.090   3668
 26.120   3633
 26.150   3624
 26.181   3621
 26.211   3591
 26.241   3566
 26.271   3623
 26.302   3770
 26.332   3604
 26.362   3625
 26.392   3634
 26.423   3512
 26.453   3569
 26.483   3460
 26.513   3546
 26.544   3447
 26.574   3485
 26.604   3546
 26.634   3637
 26.665   3553
 26.695   3435
 26.725   3407
 26.755   3373
 26.786   3491
 26.816   3416
 26.846   3561
 26.876   3492
 26.907   3428
 26.937   3524
 26.967   3545
 26.997   3443
 27.027   3483
 27.058   3532
 27.088   3465
 27.118   3570
 27.148   3455
 27.179   3523
 27.209   3469
 27.239   3482
 27.269   3648
 27.300   3507
 27.330   3429
 27.360   3391
 27.390   3317
 27.421   3359
 27.451   3476
 27.481   3389
 27.511   3453
 27.542   3341
 27.572   3478
 27.602   3419
 27.632   3366
 27.663   3342
 27.693   3307
 27.723   3444
 27.753   3343
 27.784   3323
 27.814   3328
 27.844   3469
 27.874   3351
 27.905   3336
 27.935   3496
 27.965   3330
 27.995   3275
 28.026   3232
 28.056   3303
 28.086   3416
 28.116   3395
 28.147   3352
 28.177   3412
 28.207   3411
 28.237   3466
 28.267   3363
 28.298   3340
 28.328   3359
 28.358   3346
 28.388   3482
 28.419   3349
 28.449   3363
 28.479   3234
 28.509   3288
 28.540   3312
 28.570   3218
 28.600   3217
 28.630   3273
 28.661   3306
 28.691   3297
 28.721   3381
 28.751   3151
 28.782   3296
 28.812   3285
 28.842   3289
 28.872   3154
 28.903   3270
 28.933   3209
 28.963   3321
 28.993   3243
 29.024   3201
 29.054   3219
 29.084   3219
 29.114   3150
 29.145   3231
 29.175   3217
 29.205   3282
 29.235   3290
 29.266   3296
 29.296   3296
 29.326   3277
 29.356   3320
 29.387   3329
 29.417   3241
 29.447   3303
 29.477   3210
 29.508   3162
 29.538   3162
 29.568   3169
 29.598   3274
 29.628   3207
 29.659   3173
 29.689   3126
 29.719   3169
 29.749   3096
 29.780   3190
 29.810   3233
 29.840   3142
 29.870   3189
 29.901   3147
 29.931   3092
 29.961   3009
 29.991   3029
 30.022   3169
 30.052   3149
 30.082   3182
 30.112   3152
 30.143   3085
 30.173   3171
 30.203   3206
 30.233   3220
 30.264   3172
 30.294   3197
 30.324   3168
 30.354   2996
 30.385   3086
 30.415   3102
 30.445   3021
 30.475   2965
 30.506   2961
 30.536   3048
 30.566   3168
 30.596   3139
 30.627   3089
 30.657   3122
 30.687   3112
 30.717   3142
 30.748   3039
 30.778   2920
 30.808   3073
 30.838   2996
 30.868   3065
 30.899   3156
 30.929   3088
 30.959   3070
 30.989   3040
 31.020   2994
 31.050   3045
 31.080   2946
 31.110   2919
 31.141   2918
 31.171   3025
 31.201   3046
 31.231   2995
 31.262   3088
 31.292   3028
 31.322   2995
 31.352   2903
 31.383   2967
 31.413   2808
 31.443   2905
 31.473   2936
 31.504   2924
 31.534   3018
 31.564   2977
 31.594   2945
 31.625   3055
 31.655   2989
 31.685   2869
 31.715   2995
 31.746   2886
 31.776   2997
 31.806   2877
 31.836   2923
 31.867   2855
 31.897   2824
 31.927   2945
 31.957   2952
 31.988   2996
 32.018   2949
 32.048   2822
 32.078   2815
 32.109   2836
 32.139   2839
 32.169   2826
 32.199   2883
 32.229   2997
 32.260   2791
 32.290   2786
 32.320   2704
 32.350   2843
 32.381   2809
 32.411   2791
 32.441   2897
 32.471   2885
 32.502   2891
 32.532   2912
 32.562   2882
 32.592   2853
 32.623   2790
 32.653   2849
 32.683   2683
 32.713   2684
 32.744   2670
 32.774   2711
 32.804   2799
 32.834   2763
 32.865   2730
 32.895   2826
 32.925   2824
 32.955   2673
 32.986   2766
 33.016   2659
 33.046   2784
 33.076   2798
 33.107   2747
 33.137   2715
 33.167   2810
 33.197   2769
 33.228   2824
 33.258   2723
 33.288   2651
 33.318   2674
 33.349   2778
 33.379   2837
 33.409   2706
 33.439   2709
 33.469   2748
 33.500   2716
 33.530   2774
 33.560   2707
 33.590   2739
 33.621   2665
 33.651   2625
 33.681   2717
 33.711   2811
 33.742   2664
 33.772   2703
 33.802   2731
 33.832   2735
 33.863   2672
 33.893   2704
 33.923   2613
 33.953   2549
 33.984   2613
 34.014   2624
 34.044   2573
 34.074   2667
 34.105   2584
 34.135   2565
 34.165   2541
 34.195   2709
 34.226   2696
 34.256   2557
 34.286   2550
 34.316   2614
 34.347   2592
 34.377   2569
 34.407   2435
 34.437   2432
 34.468   2647
 34.498   2766
 34.528   2669
 34.558   2419
 34.589   2336
 34.619   2369
 34.649   2375
 34.679   2458
 34.710   2513
 34.740   2459
 34.770   2566
 34.800   2516
 34.830   2508
 34.861   2492
 34.891   2552
 34.921   2515
 34.951   2537
 34.982   2467
 35.012   2443
 35.042   2422
 35.072   2439
 35.103   2419
 35.133   2526
 35.163   2500
 35.193   2481
 35.224   2379
 35.254   2440
 35.284   2376
 35.314   2515
 35.345   2413
 35.375   2362
 35.405   2403
 35.435   2389
 35.466   2365
 35.496   2521
 35.526   2425
 35.556   2440
 35.587   2429
 35.617   2435
 35.647   2391
 35.677   2430
 35.708   2423
 35.738   2420
 35.768   2319
 35.798   2427
 35.829   2358
 35.859   2440
 35.889   2378
 35.919   2443
 35.950   2414
 35.980   2392
 36.010   2286
 36.040   2342
 36.071   2414
 36.101   2367
 36.131   2459
 36.161   2412
 36.191   2430
 36.222   2280
 36.252   2290
 36.282   2248
 36.312   2292
 36.343   2268
 36.373   2283
 36.403   2273
 36.433   2370
 36.464   2356
 36.494   2336
 36.524   2482
 36.554   2416
 36.585   2402
 36.615   2468
 36.645   2441
 36.675   2455
 36.706   2421
 36.736   2475
 36.766   2407
 36.796   2431
 36.827   2314
 36.857   2315
 36.887   2311
 36.917   2373
 36.948   2329
 36.978   2242
 37.008   2222
 37.038   2207
 37.069   2276
 37.099   2193
 37.129   2184
 37.159   2226
 37.190   2247
 37.220   2266
 37.250   2171
 37.280   2296
 37.311   2196
 37.341   2209
 37.371   2256
 37.401   2298
 37.431   2132
 37.462   2267
 37.492   2286
 37.522   2168
 37.552   2239
 37.583   2227
 37.613   2236
 37.643   2193
 37.673   2104
 37.704   2099
 37.734   2119
 37.764   2104
 37.794   2171
 37.825   2165
 37.855   2160
 37.885   2041
 37.915   2169
 37.946   2054
 37.976   2103
 38.006   2112
 38.036   2229
 38.067   2080
 38.097   2103
 38.127   2092
 38.157   2251
 38.188   2179
 38.218   2076
 38.248   2142
 38.278   2168
 38.309   2122
 38.339   2170
 38.369   2130
 38.399   2145
 38.430   2206
 38.460   2102
 38.490   2125
 38.520   2023
 38.551   2025
 38.581   1964
 38.611   2068
 38.641   1993
 38.672   2059
 38.702   1930
 38.732   2022
 38.762   1947
 38.792   1931
 38.823   2033
 38.853   2096
 38.883   2034
 38.913   2016
 38.944   2072
 38.974   2050
 39.004   2075
 39.034   2077
 39.065   1961
 39.095   2028
 39.125   2065
 39.155   2011
 39.186   1898
 39.216   1910
 39.246   2061
 39.276   2037
 39.307   1945
 39.337   1807
 39.367   1897
 39.397   1912
 39.428   1933
 39.458   1951
 39.488   2043
 39.518   1997
 39.549   1877
 39.579   1872
 39.609   1965
 39.639   1988
 39.670   2006
 39.700   2009
 39.730   1895
 39.760   1894
 39.791   1874
 39.821   1900
 39.851   1879
 39.881   1883
 39.912   1928
 39.942   1837
 39.972   1824
 40.002   1915
 40.032   2056
 40.063   1879
 40.093   1929
 40.123   1910
 40.153   1870
 40.184   1880
 40.214   1964
 40.244   1943
 40.274   1891
 40.305   1860
 40.335   1863
 40.365   1829
 40.395   1918
 40.426   1914
 40.456   1893
 40.486   1882
 40.516   1940
 40.547   1842
 40.577   1875
 40.607   1867
 40.637   1808
 40.668   1904
 40.698   1892
 40.728   1868
 40.758   1765
 40.789   1838
 40.819   2002
 40.849   1946
 40.879   1969
 40.910   2028
 40.940   2227
 40.970   2376
 41.000   2722
 41.031   2883
 41.061   2805
 41.091   2782
 41.121   2840
 41.152   2996
 41.182   3234
 41.212   3317
 41.242   3480
 41.273   3395
 41.303   3296
 41.333   2999
 41.363   2815
 41.393   2495
 41.424   2409
 41.454   2243
 41.484   2067
 41.514   2125
 41.545   2042
 41.575   2084
 41.605   2099
 41.635   2007
 41.666   2088
 41.696   2036
 41.726   1985
 41.756   1994
 41.787   1932
 41.817   1911
 41.847   1815
 41.877   1842
 41.908   1755
 41.938   1737
 41.968   1672
 41.998   1696
 42.029   1817
 42.059   1795
 42.089   1721
 42.119   1668
 42.150   1643
 42.180   1789
 42.210   1838
 42.240   1825
 42.271   1743
 42.301   1708
 42.331   1738
 42.361   1791
 42.392   1744
 42.422   1752
 42.452   1742
 42.482   1743
 42.513   1716
 42.543   1734
 42.573   1721
 42.603   1732
 42.633   1741
 42.664   1688
 42.694   1642
 42.724   1743
 42.754   1653
 42.785   1754
 42.815   1691
 42.845   1711
 42.875   1688
 42.906   1717
 42.936   1681
 42.966   1625
 42.996   1681
 43.027   1584
 43.057   1668
 43.087   1664
 43.117   1643
 43.148   1735
 43.178   1696
 43.208   1692
 43.238   1735
 43.269   1758
 43.299   1680
 43.329   1660
 43.359   1576
 43.390   1682
 43.420   1603
 43.450   1658
 43.480   1545
 43.511   1656
 43.541   1623
 43.571   1592
 43.601   1608
 43.632   1612
 43.662   1760
 43.692   1572
 43.722   1677
 43.753   1576
 43.783   1549
 43.813   1663
 43.843   1575
 43.874   1637
 43.904   1557
 43.934   1600
 43.964   1595
 43.994   1619
 44.025   1646
 44.055   1554
 44.085   1489
 44.115   1541
 44.146   1575
 44.176   1611
 44.206   1544
 44.236   1654
 44.267   1560
 44.297   1587
 44.327   1547
 44.357   1481
 44.388   1572
 44.418   1584
 44.448   1578
 44.478   1556
 44.509   1454
 44.539   1582
 44.569   1460
 44.599   1509
 44.630   1481
 44.660   1484
 44.690   1471
 44.720   1455
 44.751   1510
 44.781   1475
 44.811   1509
 44.841   1476
 44.872   1437
 44.902   1505
 44.932   1481
 44.962   1458
 44.993   1467
 45.023   1487
 45.053   1487
 45.083   1431
 45.114   1410
 45.144   1438
 45.174   1518
 45.204   1475
 45.234   1508
 45.265   1401
 45.295   1511
 45.325   1457
 45.355   1534
 45.386   1408
 45.416   1446
 45.446   1484
 45.476   1530
 45.507   1481
 45.537   1421
 45.567   1421
 45.597   1464
 45.628   1425
 45.658   1430
 45.688   1482
 45.718   1404
 45.749   1401
 45.779   1478
 45.809   1362
 45.839   1346
 45.870   1402
 45.900   1396
 45.930   1423
 45.960   1412
 45.991   1445
 46.021   1392
 46.051   1353
 46.081   1426
 46.112   1419
 46.142   1365
 46.172   1390
 46.202   1387
 46.233   1385
 46.263   1375
 46.293   1381
 46.323   1386
 46.354   1302
 46.384   1403
 46.414   1403
 46.444   1353
 46.475   1320
 46.505   1415
 46.535   1455
 46.565   1387
 46.595   1379
 46.626   1291
 46.656   1330
 46.686   1399
 46.716   1370
 46.747   1387
 46.777   1331
 46.807   1312
 46.837   1329
 46.868   1323
 46.898   1289
 46.928   1348
 46.958   1331
 46.989   1281
 47.019   1296
 47.049   1394
 47.079   1341
 47.110   1262
 47.140   1306
 47.170   1325
 47.200   1335
 47.231   1238
 47.261   1263
 47.291   1183
 47.321   1287
 47.352   1339
 47.382   1248
 47.412   1291
 47.442   1263
 47.473   1241
 47.503   1356
 47.533   1322
 47.563   1303
 47.594   1268
 47.624   1276
 47.654   1255
 47.684   1214
 47.715   1247
 47.745   1307
 47.775   1251
 47.805   1165
 47.835   1313
 47.866   1283
 47.896   1252
 47.926   1238
 47.956   1251
 47.987   1293
 48.017   1197
 48.047   1264
 48.077   1170
 48.108   1207
 48.138   1284
 48.168   1253
 48.198   1207
 48.229   1193
 48.259   1248
 48.289   1274
 48.319   1185
 48.350   1200
 48.380   1189
 48.410   1266
 48.440   1212
 48.471   1187
 48.501   1200
 48.531   1266
 48.561   1236
 48.592   1170
 48.622   1286
 48.652   1290
 48.682   1223
 48.713   1178
 48.743   1278
 48.773   1194
 48.803   1244
 48.834   1166
 48.864   1195
 48.894   1209
 48.924   1200
 48.955   1182
 48.985   1253
 49.015   1231
 49.045   1180
 49.076   1163
 49.106   1169
 49.136   1215
 49.166   1203
 49.196   1179
 49.227   1151
 49.257   1105
 49.287   1212
 49.317   1229
 49.348   1183
 49.378   1137
 49.408   1093
 49.438   1112
 49.469   1133
 49.499   1231
 49.529   1173
 49.559   1098
 49.590   1093
 49.620   1078
 49.650   1075
 49.680   1131
 49.711   1156
 49.741   1127
 49.771   1142
 49.801   1082
 49.832   1093
 49.862   1077
 49.892   1091
 49.922   1095
 49.953   1083
 49.983   1061
 50.013   1074
 50.043   1091
 50.074   1051
 50.104    991
 50.134    992
 50.164   1073
 50.195   1096
 50.225   1043
 50.255   1041
 50.285   1016
 50.316   1066
 50.346   1080
 50.376   1037
 50.406   1017
 50.436   1067
 50.467    931
 50.497    983
 50.527   1019
 50.557   1000
 50.588    994
 50.618    980
 50.648   1007
 50.678   1045
 50.709    987
 50.739    976
 50.769   1003
 50.799    929
 50.830   1018
 50.860    920
 50.890    959
 50.920    948
 50.951   1013
 50.981   1028
 51.011   1024
 51.041   1053
 51.072   1071
 51.102   1059
 51.132   1049
 51.162    966
 51.193   1012
 51.223   1006
 51.253   1058
 51.283    962
 51.314   1005
 51.344   1018
 51.374    931
 51.404    973
 51.435   1000
 51.465    984
 51.495   1029
 51.525    992
 51.556    936
 51.586    954
 51.616    986
 51.646   1010
 51.677    977
 51.707   1005
 51.737   1007
 51.767    976
 51.797    930
 51.828    976
 51.858    972
 51.888    954
 51.918   1011
 51.949   1007
 51.979    929
 52.009    928
 52.039    930
 52.070    947
 52.100    951
 52.130    982
 52.160    969
 52.191   1008
 52.221    976
 52.251    922
 52.281    961
 52.312   1003
 52.342    937
 52.372    886
 52.402    834
 52.433    861
 52.463    884
 52.493    920
 52.523    936
 52.554    839
 52.584    856
 52.614    926
 52.644    949
 52.675    940
 52.705    916
 52.735    922
 52.765    959
 52.796    915
 52.826    919
 52.856    905
 52.886    917
 52.917    936
 52.947    908
 52.977    845
 53.007    886
 53.037    896
 53.068    920
 53.098    907
 53.128    899
 53.158    889
 53.189    930
 53.219    834
 53.249    897
 53.279    872
 53.310    889
 53.340    892
 53.370    840
 53.400    898
 53.431    871
 53.461    874
 53.491    894
 53.521    913
 53.552    879
 53.582    889
 53.612    877
 53.642    867
 53.673    895
 53.703    860
 53.733    882
 53.763    855
 53.794    870
 53.824    894
 53.854    885
 53.884    859
 53.915    827
 53.945    903
 53.975    777
 54.005    822
 54.036    834
 54.066    828
 54.096    852
 54.126    878
 54.157    793
 54.187    807
 54.217    826
 54.247    834
 54.278    879
 54.308    874
 54.338    846
 54.368    792
 54.398    776
 54.429    786
 54.459    776
 54.489    859
 54.519    889
 54.550    763
 54.580    825
 54.610    884
 54.640    836
 54.671    874
 54.701    879
 54.731    836
 54.761    809
 54.792    812
 54.822    860
 54.852    861
 54.882    790
 54.913    754
 54.943    807
 54.973    837
 55.003    835
 55.034    840
 55.064    802
 55.094    843
 55.124    764
 55.155    846
 55.185    811
 55.215    805
 55.245    838
 55.276    792
 55.306    829
 55.336    824
 55.366    876
 55.397    900
 55.427    946
 55.457   1010
 55.487   1214
 55.518   1222
 55.548   1257
 55.578   1395
 55.608   1548
 55.638   1651
 55.669   1750
 55.699   1994
 55.729   2208
 55.759   2425
 55.790   2482
 55.820   2542
 55.850   2250
 55.880   1786
 55.911   1524
 55.941   1443
 55.971   1235
 56.001   1176
 56.032   1052
 56.062   1005
 56.092    984
 56.122    967
 56.153    907
 56.183    822
 56.213    899
 56.243    905
 56.274    843
 56.304    874
 56.334    847
 56.364    884
 56.395    827
 56.425    796
 56.455    788
 56.485    800
 56.516    746
 56.546    714
 56.576    772
 56.606    757
 56.637    742
 56.667    812
 56.697    744
 56.727    710
 56.758    752
 56.788    796
 56.818    755
 56.848    710
 56.879    697
 56.909    680
 56.939    696
 56.969    697
 56.999    718
 57.030    706
 57.060    727
 57.090    758
 57.120    712
 57.151    735
 57.181    760
 57.211    754
 57.241    743
 57.272    732
 57.302    692
 57.332    780
 57.362    772
 57.393    788
 57.423    782
 57.453    762
 57.483    745
 57.514    731
 57.544    754
 57.574    770
 57.604    760
 57.635    809
 57.665    726
 57.695    694
 57.725    701
 57.756    705
 57.786    699
 57.816    696
 57.846    768
 57.877    727
 57.907    669
 57.937    639
 57.967    771
 57.998    761
 58.028    725
 58.058    711
 58.088    683
 58.119    742
 58.149    711
 58.179    722
 58.209    705
 58.239    722
 58.270    758
 58.300    720
 58.330    688
 58.360    663
 58.391    708
 58.421    706
 58.451    667
 58.481    688
 58.512    705
 58.542    676
 58.572    694
 58.602    701
 58.633    661
 58.663    665
 58.693    666
 58.723    763
 58.754    724
 58.784    696
 58.814    613
 58.844    730
 58.875    712
 58.905    670
 58.935    703
 58.965    701
 58.996    699
 59.026    674
 59.056    715
 59.086    686
 59.117    724
 59.147    691
 59.177    715
 59.207    663
 59.238    689
 59.268    740
 59.298    690
 59.328    610
 59.359    626
 59.389    693
 59.419    659
 59.449    656
 59.480    641
 59.510    649
 59.540    648
 59.570    715
 59.600    667
 59.631    637
 59.661    696
 59.691    658
 59.721    628
 59.752    650
 59.782    670
 59.812    695
 59.842    665
 59.873    630
 59.903    635
 59.933    598
 59.963    628
 59.994    652
 60.024    646
 60.054    637
 60.084    633
 60.115    593
 60.145    685
 60.175    600
 60.205    637
 60.236    579
 60.266    678
 60.296    671
 60.326    633
 60.357    610
 60.387    618
 60.417    579
 60.447    634
 60.478    593
 60.508    628
 60.538    616
 60.568    628
 60.599    627
 60.629    614
 60.659    645
 60.689    679
 60.720    628
 60.750    631
 60.780    608
 60.810    639
 60.840    610
 60.871    611
 60.901    582
 60.931    617
 60.961    613
 60.992    575
 61.022    608
 61.052    625
 61.082    643
 61.113    635
 61.143    621
 61.173    622
 61.203    663
 61.234    647
 61.264    611
 61.294    675
 61.324    612
 61.355    652
 61.385    640
 61.415    634
 61.445    635
 61.476    598
 61.506    585
 61.536    597
 61.566    569
 61.597    616
 61.627    601
 61.657    613
 61.687    582
 61.718    633
 61.748    627
 61.778    591
 61.808    635
 61.839    611
 61.869    625
 61.899    552
 61.929    588
 61.960    618
 61.990    607
 62.020    592
 62.050    545
 62.081    612
 62.111    637
 62.141    566
 62.171    610
 62.201    570
 62.232    612
 62.262    612
 62.292    526
 62.322    538
 62.353    567
 62.383    583
 62.413    589
 62.443    593
 62.474    550
 62.504    633
 62.534    627
 62.564    554
 62.595    595
 62.625    557
 62.655    545
 62.685    545
 62.716    560
 62.746    534
 62.776    532
 62.806    600
 62.837    591
 62.867    569
 62.897    531
 62.927    600
 62.958    621
 62.988    605
 63.018    569
 63.048    582
 63.079    583
 63.109    555
 63.139    543
 63.169    566
 63.200    591
 63.230    553
 63.260    553
 63.290    556
 63.321    574
 63.351    516
 63.381    545
 63.411    614
 63.442    601
 63.472    591
 63.502    594
 63.532    544
 63.562    553
 63.593    569
 63.623    531
 63.653    556
 63.683    600
 63.714    569
 63.744    511
 63.774    558
 63.804    555
 63.835    550
 63.865    536
 63.895    542
 63.925    581
 63.956    557
 63.986    561
 64.016    576
 64.046    582
 64.077    531
 64.107    541
 64.137    575
 64.167    575
 64.198    559
 64.228    533
 64.258    600
 64.288    573
 64.319    555
 64.349    569
 64.379    616
 64.409    586
 64.440    547
 64.470    582
 64.500    605
 64.530    700
 64.561    639
 64.591    621
 64.621    656
 64.651    566
 64.682    558
 64.712    521
 64.742    531
 64.772    543
 64.802    501
 64.833    545
 64.863    531
 64.893    510
 64.923    533
 64.954    549
 64.984    466
 65.014    443
 65.044    503
 65.075    547
 65.105    528
 65.135    490
 65.165    518
 65.196    512
 65.226    504
 65.256    514
 65.286    480
 65.317    512
 65.347    506
 65.377    478
 65.407    488
 65.438    542
 65.468    522
 65.498    499
 65.528    485
 65.559    497
 65.589    503
 65.619    502
 65.649    498
 65.680    484
 65.710    530
 65.740    484
 65.770    479
 65.801    479
 65.831    525
 65.861    531
 65.891    522
 65.922    551
 65.952    496
 65.982    515
 66.012    486
 66.043    476
 66.073    505
 66.103    534
 66.133    497
 66.163    514
 66.194    501
 66.224    512
 66.254    481
 66.284    491
 66.315    507
 66.345    556
 66.375    534
 66.405    498
 66.436    511
 66.466    537
 66.496    608
 66.526    540
 66.557    556
 66.587    546
 66.617    527
 66.647    490
 66.678    480
 66.708    468
 66.738    488
 66.768    469
 66.799    477
 66.829    524
 66.859    531
 66.889    542
 66.920    536
 66.950    566
 66.980    652
 67.010    740
 67.041    746
 67.071    784
 67.101    822
 67.131    831
 67.162    926
 67.192   1043
 67.222   1178
 67.252   1203
 67.283   1266
 67.313   1233
 67.343   1135
 67.373   1042
 67.403    968
 67.434    883
 67.464    755
 67.494    736
 67.524    670
 67.555    582
 67.585    634
 67.615    631
 67.645    598
 67.676    599
 67.706    630
 67.736    511
 67.766    552
 67.797    578
 67.827    535
 67.857    552
 67.887    529
 67.918    530
 67.948    533
 67.978    484
 68.008    513
 68.039    511
 68.069    521
 68.099    492
 68.129    515
 68.160    475
 68.190    511
 68.220    531
 68.250    494
 68.281    458
 68.311    476
 68.341    474
 68.371    483
 68.402    455
 68.432    428
 68.462    453
 68.492    449
 68.523    450
 68.553    463
 68.583    484
 68.613    472
 68.644    484
 68.674    461
 68.704    449
 68.734    430
 68.764    476
 68.795    491
 68.825    472
 68.855    496
 68.885    463
 68.916    488
 68.946    511
 68.976    495
 69.006    475
 69.037    455
 69.067    416
 69.097    473
 69.127    491
 69.158    455
 69.188    465
 69.218    497
 69.248    478
 69.279    477
 69.309    445
 69.339    458
 69.369    429
 69.400    433
 69.430    454
 69.460    492
 69.490    474
 69.521    461
 69.551    473
 69.581    488
 69.611    441
 69.642    446
 69.672    460
 69.702    389
 69.732    369
 69.763    413
 69.793    420
 69.823    457
 69.853    416
 69.884    391
 69.914    419
 69.944    405
 69.974    419
 70.004    429
 70.035    471
 70.065    440
 70.095    403
 70.125    401
 70.156    429
 70.186    433
 70.216    403
 70.246    466
 70.277    423
 70.307    388
 70.337    403
 70.367    398
 70.398    356
 70.428    341
 70.458    373
 70.488    381
 70.519    360
 70.549    306
 70.579    362
 70.609    390
 70.640    376
 70.670    378
 70.700    356
 70.730    361
 70.761    353
 70.791    343
 70.821    333
 70.851    303
 70.882    325
 70.912    320
 70.942    299
 70.972    342
 71.003    313
 71.033    340
 71.063    352
 71.093    358
 71.124    315
 71.154    302
 71.184    295
 71.214    280
 71.245    314
 71.275    352
 71.305    306
 71.335    272
 71.365    288
 71.396    266
 71.426    287
 71.456    300
 71.486    273
 71.517    274
 71.547    282
 71.577    289
 71.607    291
 71.638    306
 71.668    310
 71.698    300
 71.728    310
 71.759    282
 71.789    273
 71.819    284
 71.849    317
 71.880    332
 71.910    325
 71.940    286
 71.970    295
 72.001    299
 72.031    292
 72.061    293
 72.091    293
 72.122    297
 72.152    349
 72.182    317
 72.212    297
 72.243    329
 72.273    313
 72.303    316
 72.333    316
 72.364    323
 72.394    314
 72.424    328
 72.454    373
 72.485    280
 72.515    319
 72.545    306
 72.575    336
 72.605    343
 72.636    370
 72.666    291
 72.696    291
 72.726    317
 72.757    344
 72.787    326
 72.817    352
 72.847    347
 72.878    351
 72.908    340
 72.938    325
 72.968    283
 72.999    296
 73.029    346
 73.059    313
 73.089    277
 73.120    322
 73.150    316
 73.180    300
 73.210    329
 73.241    342
 73.271    356
 73.301    386
 73.331    346
 73.362    386
 73.392    325
 73.422    318
 73.452    363
 73.483    380
 73.513    378
 73.543    382
 73.573    392
 73.604    392
 73.634    411
 73.664    388
 73.694    367
 73.725    383
 73.755    324
 73.785    319
 73.815    345
 73.846    382
 73.876    379
 73.906    326
 73.936    319
 73.966    310
 73.997    344
 74.027    365
 74.057    420
 74.087    376
 74.118    415
 74.148    408
 74.178    404
 74.208    418
 74.239    383
 74.269    362
 74.299    367
 74.329    361
 74.360    386
 74.390    332
 74.420    329
 74.450    360
 74.481    338
 74.511    341
 74.541    349
 74.571    369
 74.602    335
 74.632    384
 74.662    374
 74.692    356
 74.723    343
 74.753    381
 74.783    389
 74.813    425
 74.844    395
 74.874    374
 74.904    337
 74.934    381
 74.965    389
 74.995    369
 75.025    357
 75.055    364
 75.086    325
 75.116    370
 75.146    370
 75.176    362
 75.206    328
 75.237    338
 75.267    376
 75.297    305
 75.327    364
 75.358    368
 75.388    364
 75.418    357
 75.448    368
 75.479    353
 75.509    359
 75.539    328
 75.569    307
 75.600    335
 75.630    379
 75.660    336
 75.690    384
 75.721    351
 75.751    381
 75.781    384
 75.811    334
 75.842    394
 75.872    360
 75.902    408
 75.932    351
 75.963    368
 75.993    385
 76.023    395
 76.053    358
 76.084    375
 76.114    376
 76.144    359
 76.174    341
 76.205    309
 76.235    349
 76.265    351
 76.295    361
 76.326    340
 76.356    321
 76.386    315
 76.416    365
 76.447    369
 76.477    304
 76.507    324
 76.537    348
 76.567    334
 76.598    345
 76.628    338
 76.658    299
 76.688    340
 76.719    352
 76.749    351
 76.779    383
 76.809    373
 76.840    351
 76.870    361
 76.900    423
 76.930    343
 76.961    381
 76.991    356
 77.021    365
 77.051    373
 77.082    377
 77.112    377
 77.142    357
 77.172    389
 77.203    444
 77.233    447
 77.263    499
 77.293    526
 77.324    503
 77.354    529
 77.384    611
 77.414    717
 77.445    703
 77.475    727
 77.505    766
 77.535    763
 77.566    752
 77.596    697
 77.626    589
 77.656    537
 77.687    450
 77.717    412
 77.747    413
 77.777    404
 77.807    372
 77.838    389
 77.868    433
 77.898    383
 77.928    364
 77.959    417
 77.989    464
 78.019    410
 78.049    359
 78.080    430
 78.110    394
 78.140    373
 78.170    366
 78.201    360
 78.231    386
 78.261    347
 78.291    337
 78.322    357
 78.352    312
 78.382    364
 78.412    361
 78.443    413
 78.473    320
 78.503    319
 78.533    330
 78.564    360
 78.594    344
 78.624    337
 78.654    379
 78.685    324
 78.715    344
 78.745    321
 78.775    330
 78.806    362
 78.836    327
 78.866    287
 78.896    302
 78.927    323
 78.957    350
 78.987    296
 79.017    349
 79.048    350
 79.078    322
 79.108    344
 79.138    341
 79.168    332
 79.199    321
 79.229    300
 79.259    304
 79.289    326
 79.320    300
 79.350    329
 79.380    331
 79.410    308
 79.441    321
 79.471    365
 79.501    288
 79.531    284
 79.562    291
 79.592    291
 79.622    299
 79.652    304
 79.683    314
 79.713    334
 79.743    342
 79.773    292
 79.804    288
 79.834    293
 79.864    328
 79.894    350
 79.925    325
 79.955    311
 79.985    320
 80.015    359
 80.046    359
 80.076    342
 80.106    354
 80.136    351
 80.167    340
 80.197    410
 80.227    329
 80.257    346
 80.288    353
 80.318    386
 80.348    358
 80.378    323
 80.408    371
 80.439    349
 80.469    332
 80.499    324
 80.529    332
 80.560    299
 80.590    335
 80.620    356
 80.650    360
 80.681    367
 80.711    374
 80.741    347
 80.771    352
 80.802    382
 80.832    340
 80.862    388
 80.892    347
 80.923    397
 80.953    411
 80.983    421
 81.013    384
 81.044    403
 81.074    376
 81.104    418
 81.134    367
 81.165    397
 81.195    431
 81.225    425
 81.255    424
 81.286    408
 81.316    448
 81.346    365
 81.376    387
 81.407    395
 81.437    466
 81.467    409
 81.497    426
 81.528    400
 81.558    418
 81.588    418
 81.618    406
 81.649    426
 81.679    415
 81.709    405
 81.739    450
 81.769    437
 81.800    433
 81.830    449
 81.860    401
 81.890    442
 81.921    391
 81.951    416
 81.981    456
 82.011    416
 82.042    434
 82.072    429
 82.102    420
 82.132    403
 82.163    392
 82.193    411
 82.223    406
 82.253    405
 82.284    416
 82.314    406
 82.344    428
 82.374    412
 82.405    381
 82.435    386
 82.465    410
 82.495    432
 82.526    429
 82.556    409
 82.586    408
 82.616    405
 82.647    394
 82.677    408
 82.707    408
 82.737    429
 82.768    404
 82.798    398
 82.828    443
 82.858    385
 82.889    383
 82.919    409
 82.949    415
 82.979    397
 83.009    409
 83.040    362
 83.070    417
 83.100    360
 83.130    407
 83.161    385
 83.191    425
 83.221    403
 83.251    359
 83.282    443
 83.312    409
 83.342    429
 83.372    387
 83.403    398
 83.433    441
 83.463    404
 83.493    370
 83.524    409
 83.554    414
 83.584    424
 83.614    404
 83.645    418
 83.675    426
 83.705    399
 83.735    347
 83.766    430
 83.796    361
 83.826    404
 83.856    400
 83.887    398
 83.917    387
 83.947    421
 83.977    381
 84.008    371
 84.038    417
 84.068    439
 84.098    423
 84.129    414
 84.159    403
 84.189    399
 84.219    376
 84.250    427
 84.280    414
 84.310    435
 84.340    403
 84.370    430
 84.401    446
 84.431    463
 84.461    496
 84.491    447
 84.522    439
 84.552    461
 84.582    427
 84.612    466
 84.643    525
 84.673    481
 84.703    458
 84.733    492
 84.764    506
 84.794    501
 84.824    469
 84.854    446
 84.885    421
 84.915    425
 84.945    449
 84.975    411
 85.006    422
 85.036    417
 85.066    441
 85.096    410
 85.127    415
 85.157    437
 85.187    403
 85.217    408
 85.248    438
 85.278    449
 85.308    394
 85.338    385
 85.369    382
 85.399    379
 85.429    389
 85.459    405
 85.490    432
 85.520    388
 85.550    417
 85.580    436
 85.610    424
 85.641    429
 85.671    405
 85.701    435
 85.731    439
 85.762    457
 85.792    431
 85.822    408
 85.852    444
 85.883    445
 85.913    394
 85.943    430
 85.973    434
 86.004    401
 86.034    445
 86.064    431
 86.094    404
 86.125    425
 86.155    453
 86.185    426
 86.215    439
 86.246    434
 86.276    421
 86.306    434
 86.336    464
 86.367    415
 86.397    428
 86.427    441
 86.457    457
 86.488    488
 86.518    475
 86.548    512
 86.578    518
 86.609    648
 86.639    654
 86.669    601
 86.699    655
 86.730    845
 86.760   1060
 86.790   1185
 86.820   1165
 86.851   1181
 86.881   1310
 86.911   1380
 86.941   1365
 86.971   1560
 87.002   1623
 87.032   1865
 87.062   1753
 87.092   1754
 87.123   1618
 87.153   1477
 87.183   1250
 87.213   1137
 87.244    958
 87.274    815
 87.304    768
 87.334    722
 87.365    647
 87.395    628
 87.425    575
 87.455    564
 87.486    549
 87.516    524
 87.546    543
 87.576    498
 87.607    465
 87.637    509
 87.667    521
 87.697    501
 87.728    449
 87.758    493
 87.788    469
 87.818    444
 87.849    430
 87.879    502
 87.909    433
 87.939    471
 87.970    452
 88.000    467
 88.030    490
 88.060    442
 88.091    388
 88.121    438
 88.151    408
 88.181    416
 88.212    454
 88.242    419
 88.272    407
 88.302    438
 88.332    422
 88.363    416
 88.393    401
 88.423    427
 88.453    413
 88.484    418
 88.514    423
 88.544    418
 88.574    402
 88.605    429
 88.635    434
 88.665    414
 88.695    449
 88.726    435
 88.756    421
 88.786    403
 88.816    397
 88.847    417
 88.877    430
 88.907    417
 88.937    416
 88.968    404
 88.998    406
 89.028    430
 89.058    413
 89.089    408
 89.119    420
 89.149    426
 89.179    451
 89.210    398
 89.240    392
 89.270    416
 89.300    410
 89.331    415
 89.361    363
 89.391    388
 89.421    384
 89.452    396
 89.482    427
 89.512    417
 89.542    413
 89.572    394
 89.603    440
 89.633    399
 89.663    467
 89.693    381
 89.724    410
 89.754    412
 89.784    433
 89.814    392
 89.845    414
 89.875    427
 89.905    389
 89.935    435
 89.966    395
 89.996    403
 90.026    425
 90.056    419
 90.087    403
 90.117    402
 90.147    444
 90.177    442
 90.208    417
 90.238    458
 90.268    434
 90.298    431
 90.329    380
 90.359    422
 90.389    433
 90.419    452
 90.450    393
 90.480    387
 90.510    399
 90.540    391
 90.571    353
 90.601    392
 90.631    406
 90.661    392
 90.692    344
 90.722    414
 90.752    439
 90.782    376
 90.813    416
 90.843    356
 90.873    423
 90.903    423
 90.933    401
 90.964    394
 90.994    441
 91.024    379
 91.054    419
 91.085    425
 91.115    440
 91.145    414
 91.175    410
 91.206    424
 91.236    362
 91.266    386
 91.296    372
 91.327    373
 91.357    366
 91.387    419
 91.417    366
 91.448    436
 91.478    401
 91.508    381
 91.538    432
 91.569    402
 91.599    407
 91.629    410
 91.659    390
 91.690    434
 91.720    400
 91.750    418
 91.780    419
 91.811    398
 91.841    379
 91.871    378
 91.901    411
 91.932    419
 91.962    382
 91.992    394
 92.022    368
 92.053    406
 92.083    389
 92.113    389
 92.143    418
 92.173    409
 92.204    416
 92.234    419
 92.264    382
 92.294    360
 92.325    382
 92.355    402
 92.385    401
 92.415    423
 92.446    388
 92.476    385
 92.506    384
 92.536    405
 92.567    378
 92.597    434
 92.627    386
 92.657    407
 92.688    383
 92.718    387
 92.748    400
 92.778    402
 92.809    418
 92.839    421
 92.869    389
 92.899    393
 92.930    422
 92.960    409
 92.990    427
 93.020    425
 93.051    412
 93.081    360
 93.111    392
 93.141    379
 93.172    374
 93.202    395
 93.232    390
 93.262    375
 93.293    392
 93.323    381
 93.353    381
 93.383    365
 93.414    385
 93.444    419
 93.474    369
 93.504    330
 93.534    369
 93.565    399
 93.595    401
 93.625    392
 93.655    325
 93.686    370
 93.716    382
 93.746    361
 93.776    409
 93.807    375
 93.837    351
 93.867    396
 93.897    385
 93.928    358
 93.958    377
 93.988    404
 94.018    373
 94.049    412
 94.079    364
 94.109    412
 94.139    403
 94.170    410
 94.200    396
 94.230    405
 94.260    395
 94.291    384
 94.321    395
 94.351    383
 94.381    428
 94.412    415
 94.442    426
 94.472    432
 94.502    410
 94.533    398
 94.563    399
 94.593    385
 94.623    410
 94.654    403
 94.684    380
 94.714    397
 94.744    357
 94.774    362
 94.805    420
 94.835    428
 94.865    396
 94.895    408
 94.926    356
 94.956    399
 94.986    399
 95.016    403
 95.047    431
 95.077    391
 95.107    356
 95.137    433
 95.168    428
 95.198    418
 95.228    398
 95.258    462
 95.289    403
 95.319    421
 95.349    404
 95.379    443
 95.410    431
 95.440    423
 95.470    433
 95.500    423
 95.531    457
 95.561    457
 95.591    435
 95.621    465
 95.652    448
 95.682    466
 95.712    491
 95.742    537
 95.773    560
 95.803    659
 95.833    650
 95.863    716
 95.894    872
 95.924   1054
 95.954   1057
 95.984   1085
 96.015   1161
 96.045   1145
 96.075   1191
 96.105   1245
 96.135   1200
 96.166   1220
 96.196   1312
 96.226   1461
 96.256   1552
 96.287   1581
 96.317   1515
 96.347   1381
 96.377   1359
 96.408   1159
 96.438   1052
 96.468    989
 96.498    836
 96.529    692
 96.559    647
 96.589    648
 96.619    570
 96.650    510
 96.680    537
 96.710    526
 96.740    461
 96.771    437
 96.801    427
 96.831    437
 96.861    421
 96.892    422
 96.922    422
 96.952    448
 96.982    396
 97.013    397
 97.043    416
 97.073    422
 97.103    403
 97.134    396
 97.164    370
 97.194    398
 97.224    374
 97.255    346
 97.285    389
 97.315    329
 97.345    354
 97.375    381
 97.406    328
 97.436    367
 97.466    373
 97.496    359
 97.527    397
 97.557    347
 97.587    362
 97.617    370
 97.648    330
 97.678    367
 97.708    322
 97.738    372
 97.769    372
 97.799    360
 97.829    369
 97.859    361
 97.890    360
 97.920    337
 97.950    378
 97.980    347
 98.011    338
 98.041    342
 98.071    338
 98.101    340
 98.132    350
 98.162    336
 98.192    393
 98.222    347
 98.253    382
 98.283    312
 98.313    337
 98.343    326
 98.374    384
 98.404    395
 98.434    330
 98.464    365
 98.495    346
 98.525    398
 98.555    375
 98.585    366
 98.616    365
 98.646    378
 98.676    374
 98.706    359
 98.736    344
 98.767    373
 98.797    361
 98.827    374
 98.857    395
 98.888    371
 98.918    400
 98.948    371
 98.978    420
 99.009    398
 99.039    356
 99.069    383
 99.099    348
 99.130    411
 99.160    380
 99.190    372
 99.220    379
 99.251    429
 99.281    402
 99.311    414
 99.341    388
 99.372    410
 99.402    399
 99.432    376
 99.462    375
 99.493    344
 99.523    413
 99.553    412
 99.583    419
 99.614    371
 99.644    351
 99.674    415
 99.704    378
 99.735    391
 99.765    343
 99.795    436
 99.825    409
 99.856    423
 99.886    421
 99.916    375
 99.946    384
 99.976    386
100.007    402
100.037    389
100.067    407
100.097    392
100.128    378
100.158    381
100.188    351
100.218    371
100.249    361
100.279    392
100.309    396
100.339    391
100.370    388
100.400    354
100.430    384
100.460    362
100.491    403
100.521    360
100.551    372
100.581    397
100.612    406
100.642    382
100.672    391
100.702    383
100.733    368
100.763    378
100.793    353
100.823    395
100.854    361
100.884    379
100.914    334
100.944    370
100.975    380
101.005    383
101.035    366
101.065    375
101.096    350
101.126    336
101.156    382
101.186    356
101.217    391
101.247    410
101.277    383
101.307    375
101.337    355
101.368    372
101.398    370
101.428    338
101.458    350
101.489    367
101.519    374
101.549    386
101.579    381
101.610    362
101.640    351
101.670    368
101.700    417
101.731    423
101.761    387
101.791    388
101.821    396
101.852    388
101.882    393
101.912    440
101.942    353
101.973    391
102.003    358
102.033    347
102.063    389
102.094    364
102.124    402
102.154    377
102.184    386
102.215    392
102.245    386
102.275    416
102.305    401
102.336    387
102.366    384
102.396    414
102.426    378
102.457    403
102.487    390
102.517    392
102.547    414
102.577    397
102.608    410
102.638    411
102.668    416
102.698    423
102.729    457
102.759    497
102.789    458
102.819    420
102.850    413
102.880    406
102.910    416
102.940    475
102.971    449
103.001    482
103.031    443
103.061    470
103.092    468
103.122    477
103.152    533
103.182    460
103.213    468
103.243    421
103.273    425
103.303    412
103.334    405
103.364    396
103.394    387
103.424    349
103.455    362
103.485    366
103.515    352
103.545    333
103.576    347
103.606    411
103.636    363
103.666    369
103.697    380
103.727    358
103.757    370
103.787    368
103.818    351
103.848    390
103.878    348
103.908    364
103.938    401
103.969    328
103.999    359
104.029    338
104.059    343
104.090    336
104.120    376
104.150    335
104.180    336
104.211    326
104.241    348
104.271    344
104.301    330
104.332    340
104.362    317
104.392    342
104.422    314
104.453    293
104.483    319
104.513    326
104.543    323
104.574    327
104.604    359
104.634    355
104.664    364
104.695    337
104.725    310
104.755    315
104.785    338
104.816    370
104.846    370
104.876    363
104.906    312
104.937    327
104.967    333
104.997    341
105.027    320
105.058    309
105.088    297
105.118    329
105.148    350
105.178    309
105.209    322
105.239    341
105.269    321
105.299    316
105.330    340
105.360    371
105.390    328
105.420    356
105.451    323
105.481    335
105.511    296
105.541    312
105.572    302
105.602    328
105.632    304
105.662    314
105.693    303
105.723    327
105.753    303
105.783    324
105.814    305
105.844    300
105.874    295
105.904    332
105.935    295
105.965    297
105.995    279
106.025    275
106.056    291
106.086    288
106.116    315
106.146    288
106.177    277
106.207    296
106.237    277
106.267    250
106.298    280
106.328    298
106.358    277
106.388    290
106.419    291
106.449    312
106.479    339
106.509    315
106.539    316
106.570    356
106.600    352
106.630    327
106.660    374
106.691    407
106.721    346
106.751    362
106.781    345
106.812    393
106.842    332
106.872    367
106.902    350
106.933    391
106.963    357
106.993    343
107.023    385
107.054    343
107.084    373
107.114    349
107.144    385
107.175    344
107.205    374
107.235    390
107.265    386
107.296    376
107.326    370
107.356    367
107.386    371
107.417    373
107.447    365
107.477    365
107.507    347
107.538    354
107.568    355
107.598    329
107.628    357
107.659    374
107.689    373
107.719    325
107.749    376
107.779    358
107.810    384
107.840    320
107.870    353
107.900    345
107.931    376
107.961    336
107.991    324
108.021    378
108.052    344
108.082    365
108.112    340
108.142    373
108.173    354
108.203    361
108.233    358
108.263    330
108.294    327
108.324    362
108.354    333
108.384    293
108.415    338
108.445    320
108.475    346
108.505    367
108.536    368
108.566    351
108.596    361
108.626    410
108.657    395
108.687    322
108.717    350
108.747    344
108.778    350
108.808    372
108.838    371
108.868    363
108.899    364
108.929    387
108.959    386
108.989    404
109.020    410
109.050    415
109.080    392
109.110    398
109.140    363
109.171    363
109.201    388
109.231    402
109.261    388
109.292    375
109.322    381
109.352    344
109.382    373
109.413    378
109.443    388
109.473    375
109.503    399
109.534    422
109.564    369
109.594    375
109.624    404
109.655    411
109.685    409
109.715    395
109.745    422
109.776    412
109.806    408
109.836    423
109.866    424
109.897    383
109.927    366
109.957    372
109.987    410
110.018    401
110.048    424
110.078    435
110.108    437
110.139    434
110.169    387
110.199    429
110.229    409
110.260    399
110.290    434
110.320    419
110.350    442
110.380    415
110.411    402
110.441    439
110.471    405
110.501    437
110.532    401
110.562    434
110.592    382
110.622    429
110.653    393
110.683    390
110.713    401
110.743    432
110.774    408
110.804    411
110.834    418
110.864    438
110.895    462
110.925    390
110.955    445
110.985    402
111.016    446
111.046    428
111.076    435
111.106    412
111.137    424
111.167    488
111.197    448
111.227    457
111.258    432
111.288    411
111.318    450
111.348    394
111.379    450
111.409    462
111.439    410
111.469    445
111.500    407
111.530    409
111.560    431
111.590    403
111.621    482
111.651    449
111.681    438
111.711    410
111.741    376
111.772    434
111.802    452
111.832    420
111.862    450
111.893    416
111.923    439
111.953    433
111.983    427
112.014    424
112.044    426
112.074    461
112.104    442
112.135    485
112.165    439
112.195    444
112.225    476
112.256    433
112.286    429
112.316    482
112.346    416
112.377    466
112.407    427
112.437    422
112.467    438
112.498    501
112.528    431
112.558    421
112.588    444
112.619    457
112.649    426
112.679    456
112.709    437
112.740    449
112.770    420
112.800    452
112.830    411
112.861    438
112.891    412
112.921    407
112.951    419
112.981    422
113.012    439
113.042    424
113.072    447
113.102    465
113.133    430
113.163    446
113.193    466
113.223    450
113.254    428
113.284    440
113.314    437
113.344    473
113.375    474
113.405    453
113.435    453
113.465    464
113.496    461
113.526    475
113.556    467
113.586    503
113.617    487
113.647    462
113.677    510
113.707    515
113.738    508
113.768    521
113.798    535
113.828    541
113.859    629
113.889    633
113.919    682
113.949    716
113.980    752
114.010    808
114.040    851
114.070    787
114.101    761
114.131    794
114.161    727
114.191    778
114.222    812
114.252    824
114.282    848
114.312    794
114.342    798
114.373    910
114.403    897
114.433    929
114.463    849
114.494    881
114.524    773
114.554    793
114.584    715
114.615    680
114.645    678
114.675    578
114.705    602
114.736    594
114.766    556
114.796    550
114.826    522
114.857    506
114.887    507
114.917    489
114.947    497
114.978    476
115.008    492
115.038    502
115.068    463
115.099    496
115.129    503
115.159    498
115.189    471
115.220    500
115.250    492
115.280    476
115.310    434
115.341    469
115.371    508
115.401    463
115.431    431
115.462    479
115.492    495
115.522    484
115.552    452
115.583    509
115.613    459
115.643    476
115.673    443
115.703    437
115.734    448
115.764    437
115.794    455
115.824    462
115.855    460
115.885    441
115.915    443
115.945    461
115.976    477
116.006    463
116.036    459
116.066    436
116.097    500
116.127    457
116.157    432
116.187    479
116.218    440
116.248    460
116.278    471
116.308    441
116.339    460
116.369    457
116.399    449
116.429    467
116.460    460
116.490    434
116.520    456
116.550    456
116.581    433
116.611    434
116.641    435
116.671    457
116.702    412
116.732    451
116.762    419
116.792    423
116.823    467
116.853    457
116.883    439
116.913    487
116.943    421
116.974    450
117.004    442
117.034    493
117.064    438
117.095    446
117.125    396
117.155    462
117.185    475
117.216    477
117.246    459
117.276    477
117.306    446
117.337    432
117.367    457
117.397    449
117.427    436
117.458    455
117.488    486
117.518    436
117.548    448
117.579    486
117.609    461
117.639    491
117.669    450
117.700    441
117.730    447
117.760    457
117.790    488
117.821    462
117.851    433
117.881    478
117.911    425
117.942    451
117.972    458
118.002    472
118.032    439
118.063    492
118.093    427
118.123    453
118.153    452
118.184    472
118.214    456
118.244    424
118.274    469
118.304    448
118.335    467
118.365    480
118.395    460
118.425    452
118.456    449
118.486    469
118.516    481
118.546    478
118.577    464
118.607    427
118.637    473
118.667    445
118.698    459
118.728    424
118.758    448
118.788    454
118.819    468
118.849    478
118.879    453
118.909    503
118.940    477
118.970    432
119.000    427
119.030    469
119.061    468
119.091    513
119.121    452
119.151    423
119.182    448
119.212    457
119.242    422
119.272    501
119.303    435
119.333    443
119.363    455
119.393    446
119.424    394
119.454    463
119.484    402
119.514    430
119.544    472
119.575    458
119.605    427
119.635    468
119.665    462
119.696    450
119.726    436
119.756    446
119.786    418
119.817    431
119.847    459
119.877    431
119.907    431
119.938    434
119.968    430
119.998    443
120.028    447
120.059    411
120.089    423
120.119    467
120.149    461
120.180    446
120.210    396
120.240    410
120.270    425
120.301    422
120.331    420
120.361    444
120.391    449
120.422    435
120.452    463
120.482    451
120.512    458
120.543    442
120.573    431
120.603    472
120.633    439
120.664    459
120.694    491
120.724    472
120.754    485
120.785    446
120.815    493
120.845    492
120.875    542
120.905    545
120.936    547
120.966    527
120.996    520
121.026    614
121.057    609
121.087    553
121.117    532
121.147    524
121.178    502
121.208    569
121.238    554
121.268    518
121.299    570
121.329    582
121.359    575
121.389    589
121.420    538
121.450    541
121.480    551
121.510    514
121.541    513
121.571    504
121.601    527
121.631    535
121.662    513
121.692    503
121.722    493
121.752    523
121.783    484
121.813    450
121.843    473
121.873    464
121.904    431
121.934    471
121.964    457
121.994    425
122.025    470
122.055    495
122.085    456
122.115    448
122.145    453
122.176    456
122.206    461
122.236    474
122.266    473
122.297    446
122.327    427
122.357    470
122.387    475
122.418    510
122.448    457
122.478    443
122.508    473
122.539    479
122.569    474
122.599    498
122.629    486
122.660    479
122.690    498
122.720    478
122.750    526
122.781    480
122.811    515
122.841    513
122.871    498
122.902    524
122.932    591
122.962    544
122.992    573
123.023    599
123.053    640
123.083    687
123.113    697
123.144    760
123.174    761
123.204    883
123.234   1014
123.265   1032
123.295   1133
123.325   1194
123.355   1209
123.386   1350
123.416   1233
123.446   1189
123.476   1179
123.506   1117
123.537   1096
123.567   1119
123.597   1163
123.627   1156
123.658   1196
123.688   1235
123.718   1320
123.748   1365
123.779   1457
123.809   1411
123.839   1362
123.869   1244
123.900   1233
123.930   1163
123.960   1060
123.990    987
124.021    965
124.051    852
124.081    820
124.111    782
124.142    751
124.172    693
124.202    675
124.232    643
124.263    621
124.293    625
124.323    601
124.353    609
124.384    570
124.414    602
124.444    570
124.474    535
124.505    526
124.535    581
124.565    555
124.595    567
124.626    535
124.656    554
124.686    525
124.716    506
124.746    513
124.777    506
124.807    509
124.837    525
124.867    570
124.898    515
124.928    518
124.958    559
124.988    495
125.019    555
125.049    543
125.079    496
125.109    561
125.140    515
125.170    513
125.200    551
125.230    548
125.261    496
125.291    537
125.321    507
125.351    502
125.382    494
125.412    539
125.442    520
125.472    516
125.503    496
125.533    493
125.563    507
125.593    470
125.624    484
125.654    532
125.684    473
125.714    495
125.745    501
125.775    498
125.805    466
125.835    510
125.866    498
125.896    514
125.926    529
125.956    514
125.987    466
126.017    537
126.047    480
126.077    536
126.107    504
126.138    511
126.168    513
126.198    510
126.228    510
126.259    465
126.289    506
126.319    457
126.349    521
126.380    488
126.410    496
126.440    507
126.470    492
126.501    534
126.531    472
126.561    517
126.591    533
126.622    524
126.652    544
126.682    530
126.712    513
126.743    533
126.773    531
126.803    556
126.833    499
126.864    551
126.894    517
126.924    533
126.954    525
126.985    533
127.015    561
127.045    523
127.075    534
127.106    523
127.136    511
127.166    494
127.196    505
127.227    501
127.257    497
127.287    548
127.317    568
127.347    487
127.378    531
127.408    561
127.438    573
127.468    510
127.499    523
127.529    523
127.559    557
127.589    559
127.620    518
127.650    514
127.680    498
127.710    487
127.741    536
127.771    548
127.801    511
127.831    543
127.862    575
127.892    518
127.922    581
127.952    517
127.983    541
128.013    545
128.043    547
128.073    557
128.104    551
128.134    536
128.164    506
128.194    550
128.225    543
128.255    543
128.285    557
128.315    544
128.346    524
128.376    565
128.406    545
128.436    518
128.467    554
128.497    531
128.527    517
128.557    538
128.588    540
128.618    571
128.648    526
128.678    583
128.708    516
128.739    536
128.769    520
128.799    566
128.829    559
128.860    542
128.890    560
128.920    560
128.950    530
128.981    547
129.011    500
129.041    534
129.071    538
129.102    584
129.132    542
129.162    592
129.192    510
129.223    542
129.253    549
129.283    549
129.313    519
129.344    537
129.374    515
129.404    539
129.434    554
129.465    553
129.495    528
129.525    540
129.555    551
129.586    524
129.616    524
129.646    552
129.676    516
129.707    569
129.737    536
129.767    523
129.797    525
129.828    521
129.858    574
129.888    577
129.918    565
129.948    584
129.979    509
130.009    592
130.039    594
130.069    569
130.100    597
130.130    547
130.160    519
130.190    633
130.221    584
130.251    598
130.281    563
130.311    569
130.342    551
130.372    561
130.402    579
130.432    546
130.463    602
130.493    541
130.523    537
130.553    510
130.584    563
130.614    589
130.644    602
130.674    620
130.705    547
130.735    575
130.765    561
130.795    591
130.826    528
130.856    568
130.886    607
130.916    583
130.947    551
130.977    544
131.007    563
131.037    551
131.068    528
131.098    556
131.128    571
131.158    534
131.189    525
131.219    576
131.249    558
131.279    526
131.309    562
131.340    545
131.370    523
131.400    541
131.430    572
131.461    563
131.491    527
131.521    577
131.551    564
131.582    547
131.612    566
131.642    497
131.672    547
131.703    567
131.733    589
131.763    514
131.793    544
131.824    552
131.854    534
131.884    546
131.914    584
131.945    574
131.975    558
132.005    573
132.035    593
132.066    607
132.096    557
132.126    575
132.156    615
132.187    584
132.217    612
132.247    635
132.277    558
132.308    648
132.338    603
132.368    604
132.398    598
132.429    678
132.459    663
132.489    600
132.519    492
132.549    384
132.580    134
132.610     11
132.640      0
132.670      0
132.701      0
132.731      0
132.761      0
132.791      0
132.822      0
132.852      0
132.882      0
132.912      0
132.943      0
132.973      0
133.003      0
133.033      0
133.064      0
133.094      0
133.124      0
133.154      0
133.185      0
133.215      0
133.245      0
133.275      0
133.306      0
133.336      0
133.366      0
133.396      0
133.427      0
133.457      0
133.487      0
133.517      0
133.548      0
133.578      0
133.608      0
133.638      0
133.669      0
133.699      0
133.729      0
133.759      0
133.790      0
133.820      0
133.850      0
