4.107661841448302766e+02
4.112790807306674878e+02
4.117919773165046422e+02
4.123048739023418534e+02
4.128177704881790078e+02
4.133306670740162190e+02
4.138435636598533733e+02
4.143564602456905845e+02
4.148693568315277389e+02
4.153822534173649501e+02
4.158951500032021045e+02
4.164080465890393157e+02
4.169209431748765269e+02
4.174338397607136812e+02
4.179467363465508924e+02
4.184596329323880468e+02
4.189725295182252580e+02
4.194854261040624124e+02
4.199983226898996236e+02
4.205112192757367779e+02
4.210241158615739892e+02
4.215370124474111435e+02
4.220499090332483547e+02
4.225628056190855659e+02
4.230757022049227203e+02
4.235885987907599315e+02
4.241014953765970859e+02
4.246143919624342971e+02
4.251272885482714514e+02
4.256401851341086626e+02
4.261530817199458170e+02
4.266659783057830282e+02
4.271788748916202394e+02
4.276917714774573938e+02
4.282046680632946050e+02
4.287175646491317593e+02
4.292304612349689705e+02
4.297433578208061249e+02
4.302562544066433361e+02
4.307691509924804905e+02
4.312820475783177017e+02
4.317949441641548560e+02
4.323078407499920672e+02
4.328207373358292216e+02
4.333336339216664328e+02
4.338465305075036440e+02
4.343594270933407984e+02
4.348723236791780096e+02
4.353852202650151639e+02
4.358981168508523751e+02
4.364110134366895295e+02
4.369239100225267407e+02
4.374368066083638951e+02
4.379497031942011063e+02
4.384625997800383175e+02
4.389754963658754718e+02
4.394883929517126830e+02
4.400012895375498374e+02
4.405141861233870486e+02
4.410270827092242030e+02
4.415399792950614142e+02
4.420528758808985685e+02
4.425657724667357797e+02
4.430786690525729909e+02
4.435915656384101453e+02
4.441044622242472997e+02
4.446173588100845109e+02
4.451302553959217221e+02
4.456431519817588764e+02
4.461560485675960877e+02
4.466689451534332420e+02
4.471818417392704532e+02
4.476947383251076076e+02
4.482076349109448188e+02
4.487205314967819731e+02
4.492334280826191844e+02
4.497463246684563956e+02
4.502592212542935499e+02
4.507721178401307611e+02
4.512850144259679155e+02
4.517979110118051267e+02
4.523108075976422811e+02
4.528237041834794923e+02
4.533366007693166466e+02
4.538494973551538578e+02
4.543623939409910690e+02
4.548752905268282234e+02
4.553881871126654346e+02
4.559010836985025890e+02
4.564139802843398002e+02
4.569268768701769545e+02
4.574397734560141657e+02
4.579526700418513201e+02
4.584655666276885313e+02
4.589784632135256857e+02
4.594913597993628969e+02
4.600042563852000512e+02
4.605171529710372624e+02
4.610300495568744736e+02
4.615429461427116280e+02
4.620558427285488392e+02
4.625687393143859936e+02
4.630816359002232048e+02
4.635945324860603591e+02
4.641074290718975703e+02
4.646203256577347247e+02
4.651332222435719359e+02
4.656461188294091471e+02
4.661590154152463015e+02
4.666719120010835127e+02
4.671848085869206670e+02
4.676977051727578782e+02
4.682106017585950326e+02
4.687234983444322438e+02
4.692363949302693982e+02
4.697492915161066094e+02
4.702621881019438206e+02
4.707750846877809749e+02
4.712879812736181293e+02
4.718008778594553405e+02
4.723137744452925517e+02
4.728266710311297061e+02
4.733395676169669173e+02
4.738524642028040716e+02
4.743653607886412829e+02
4.748782573744784372e+02
4.753911539603156484e+02
4.759040505461528028e+02
4.764169471319900140e+02
4.769298437178272252e+02
4.774427403036643796e+02
4.779556368895015908e+02
4.784685334753387451e+02
4.789814300611759563e+02
4.794943266470131107e+02
4.800072232328503219e+02
4.805201198186874763e+02
4.810330164045246875e+02
4.815459129903618987e+02
4.820588095761990530e+02
4.825717061620362074e+02
4.830846027478734186e+02
4.835974993337106298e+02
4.841103959195477842e+02
4.846232925053849954e+02
4.851361890912221497e+02
4.856490856770593609e+02
4.861619822628965721e+02
4.866748788487337265e+02
4.871877754345708809e+02
4.877006720204080921e+02
4.882135686062453033e+02
4.887264651920824576e+02
4.892393617779196688e+02
4.897522583637568232e+02
4.902651549495940344e+02
4.907780515354311888e+02
4.912909481212684000e+02
4.918038447071055543e+02
4.923167412929427655e+02
4.928296378787799767e+02
4.933425344646171311e+02
4.938554310504542855e+02
4.943683276362914967e+02
4.948812242221287079e+02
4.953941208079658622e+02
4.959070173938030734e+02
4.964199139796402278e+02
4.969328105654774390e+02
4.974457071513146502e+02
4.979586037371518046e+02
4.984715003229889589e+02
4.989843969088261701e+02
4.994972934946633814e+02
5.000101900805005357e+02
5.005230866663377469e+02
5.010359832521749013e+02
5.015488798380121125e+02
5.020617764238492668e+02
5.025746730096864781e+02
5.030875695955236324e+02
5.036004661813608436e+02
5.041133627671980548e+02
5.046262593530352092e+02
5.051391559388723635e+02
5.056520525247095748e+02
5.061649491105467860e+02
5.066778456963839403e+02
5.071907422822211515e+02
5.077036388680583059e+02
5.082165354538955171e+02
5.087294320397327283e+02
5.092423286255698827e+02
5.097552252114070370e+02
5.102681217972442482e+02
5.107810183830814594e+02
5.112939149689186138e+02
5.118068115547558250e+02
5.123197081405929794e+02
5.128326047264301906e+02
5.133455013122674018e+02
5.138583978981046130e+02
5.143712944839417105e+02
5.148841910697789217e+02
5.153970876556161329e+02
5.159099842414532304e+02
5.164228808272904416e+02
5.169357774131276528e+02
5.174486739989648640e+02
5.179615705848020752e+02
5.184744671706391728e+02
5.189873637564763840e+02
5.195002603423135952e+02
5.200131569281508064e+02
5.205260535139880176e+02
5.210389500998251151e+02
5.215518466856623263e+02
5.220647432714995375e+02
5.225776398573367487e+02
5.230905364431738462e+02
5.236034330290110574e+02
5.241163296148482686e+02
5.246292262006854799e+02
5.251421227865225774e+02
5.256550193723597886e+02
5.261679159581969998e+02
5.266808125440342110e+02
5.271937091298714222e+02
5.277066057157085197e+02
5.282195023015457309e+02
5.287323988873829421e+02
5.292452954732201533e+02
5.297581920590573645e+02
5.302710886448944620e+02
5.307839852307316733e+02
5.312968818165688845e+02
5.318097784024059820e+02
5.323226749882431932e+02
5.328355715740804044e+02
5.333484681599176156e+02
5.338613647457548268e+02
5.343742613315919243e+02
5.348871579174291355e+02
5.354000545032663467e+02
5.359129510891035579e+02
5.364258476749407691e+02
5.369387442607778667e+02
5.374516408466150779e+02
5.379645374324522891e+02
5.384774340182895003e+02
5.389903306041265978e+02
5.395032271899638090e+02
5.400161237758010202e+02
5.405290203616382314e+02
5.410419169474753289e+02
5.415548135333125401e+02
5.420677101191497513e+02
5.425806067049869625e+02
5.430935032908241737e+02
5.436063998766612713e+02
5.441192964624984825e+02
5.446321930483356937e+02
5.451450896341729049e+02
5.456579862200101161e+02
5.461708828058472136e+02
5.466837793916844248e+02
5.471966759775216360e+02
5.477095725633587335e+02
5.482224691491959447e+02
5.487353657350331559e+02
5.492482623208703671e+02
5.497611589067075784e+02
5.502740554925446759e+02
5.507869520783818871e+02
5.512998486642190983e+02
5.518127452500563095e+02
5.523256418358935207e+02
5.528385384217306182e+02
5.533514350075678294e+02
5.538643315934050406e+02
5.543772281792421381e+02
5.548901247650793493e+02
5.554030213509165606e+02
5.559159179367537718e+02
5.564288145225909830e+02
5.569417111084280805e+02
5.574546076942652917e+02
5.579675042801025029e+02
5.584804008659397141e+02
5.589932974517769253e+02
5.595061940376140228e+02
5.600190906234512340e+02
5.605319872092884452e+02
5.610448837951255427e+02
5.615577803809628676e+02
5.620706769667999652e+02
5.625835735526371764e+02
5.630964701384743876e+02
5.636093667243114851e+02
5.641222633101486963e+02
5.646351598959859075e+02
5.651480564818231187e+02
5.656609530676603299e+02
5.661738496534974274e+02
5.666867462393346386e+02
5.671996428251718498e+02
5.677125394110090610e+02
5.682254359968462722e+02
5.687383325826833698e+02
5.692512291685205810e+02
5.697641257543577922e+02
5.702770223401948897e+02
5.707899189260321009e+02
5.713028155118693121e+02
5.718157120977065233e+02
5.723286086835437345e+02
5.728415052693808320e+02
5.733544018552180432e+02
5.738672984410552544e+02
5.743801950268924656e+02
5.748930916127296769e+02
5.754059881985667744e+02
5.759188847844039856e+02
5.764317813702411968e+02
5.769446779560782943e+02
5.774575745419155055e+02
5.779704711277527167e+02
5.784833677135899279e+02
5.789962642994271391e+02
5.795091608852642366e+02
5.800220574711014478e+02
5.805349540569386591e+02
5.810478506427758703e+02
5.815607472286130815e+02
5.820736438144501790e+02
5.825865404002873902e+02
5.830994369861246014e+02
5.836123335719618126e+02
5.841252301577990238e+02
5.846381267436361213e+02
5.851510233294733325e+02
5.856639199153105437e+02
5.861768165011476412e+02
5.866897130869848525e+02
5.872026096728220637e+02
5.877155062586592749e+02
5.882284028444964861e+02
5.887412994303335836e+02
5.892541960161707948e+02
5.897670926020080060e+02
5.902799891878452172e+02
5.907928857736824284e+02
5.913057823595195259e+02
5.918186789453567371e+02
5.923315755311939483e+02
5.928444721170310459e+02
5.933573687028682571e+02
5.938702652887054683e+02
5.943831618745426795e+02
5.948960584603798907e+02
5.954089550462169882e+02
5.959218516320541994e+02
5.964347482178914106e+02
5.969476448037286218e+02
5.974605413895658330e+02
5.979734379754029305e+02
5.984863345612401417e+02
5.989992311470773529e+02
5.995121277329144505e+02
6.000250243187517754e+02
6.005379209045888729e+02
6.010508174904260841e+02
6.015637140762632953e+02
6.020766106621003928e+02
6.025895072479376040e+02
6.031024038337748152e+02
6.036153004196120264e+02
6.041281970054492376e+02
6.046410935912863351e+02
6.051539901771235463e+02
6.056668867629607576e+02
6.061797833487979688e+02
6.066926799346351800e+02
6.072055765204722775e+02
6.077184731063094887e+02
6.082313696921466999e+02
6.087442662779837974e+02
6.092571628638210086e+02
6.097700594496582198e+02
6.102829560354954310e+02
6.107958526213326422e+02
6.113087492071697397e+02
6.118216457930069510e+02
6.123345423788441622e+02
6.128474389646813734e+02
6.133603355505185846e+02
6.138732321363556821e+02
6.143861287221928933e+02
6.148990253080301045e+02
6.154119218938672020e+02
6.159248184797045269e+02
6.164377150655416244e+02
6.169506116513788356e+02
6.174635082372160468e+02
6.179764048230531444e+02
6.184893014088903556e+02
6.190021979947275668e+02
6.195150945805647780e+02
6.200279911664019892e+02
6.205408877522390867e+02
6.210537843380762979e+02
6.215666809239135091e+02
6.220795775097507203e+02
6.225924740955879315e+02
6.231053706814250290e+02
6.236182672672622402e+02
6.241311638530994514e+02
6.246440604389365490e+02
6.251569570247737602e+02
6.256698536106109714e+02
6.261827501964481826e+02
6.266956467822853938e+02
6.272085433681224913e+02
6.277214399539597025e+02
6.282343365397969137e+02
6.287472331256341249e+02
6.292601297114713361e+02
6.297730262973084336e+02
6.302859228831456448e+02
6.307988194689828561e+02
6.313117160548199536e+02
6.318246126406571648e+02
6.323375092264943760e+02
6.328504058123315872e+02
6.333633023981687984e+02
6.338761989840058959e+02
6.343890955698431071e+02
6.349019921556803183e+02
6.354148887415175295e+02
6.359277853273547407e+02
6.364406819131918382e+02
6.369535784990290495e+02
6.374664750848662607e+02
6.379793716707034719e+02
6.384922682565406831e+02
6.390051648423777806e+02
6.395180614282149918e+02
6.400309580140522030e+02
6.405438545998893005e+02
6.410567511857265117e+02
6.415696477715637229e+02
6.420825443574009341e+02
6.425954409432381453e+02
6.431083375290752429e+02
6.436212341149124541e+02
6.441341307007496653e+02
6.446470272865868765e+02
6.451599238724240877e+02
6.456728204582611852e+02
6.461857170440983964e+02
6.466986136299356076e+02
6.472115102157727051e+02
6.477244068016099163e+02
6.482373033874471275e+02
6.487501999732843387e+02
6.492630965591215499e+02
6.497759931449586475e+02
6.502888897307958587e+02
6.508017863166330699e+02
6.513146829024702811e+02
6.518275794883074923e+02
6.523404760741445898e+02
6.528533726599818010e+02
6.533662692458190122e+02
6.538791658316561097e+02
6.543920624174934346e+02
6.549049590033305321e+02
6.554178555891677433e+02
6.559307521750049546e+02
6.564436487608420521e+02
6.569565453466792633e+02
6.574694419325164745e+02
6.579823385183536857e+02
6.584952351041908969e+02
6.590081316900279944e+02
6.595210282758652056e+02
6.600339248617024168e+02
6.605468214475396280e+02
6.610597180333768392e+02
6.615726146192139367e+02
6.620855112050511480e+02
6.625984077908883592e+02
6.631113043767254567e+02
6.636242009625626679e+02
6.641370975483998791e+02
6.646499941342370903e+02
6.651628907200743015e+02
6.656757873059113990e+02
6.661886838917486102e+02
6.667015804775858214e+02
6.672144770634229189e+02
6.677273736492602438e+02
6.682402702350973414e+02
6.687531668209345526e+02
6.692660634067717638e+02
6.697789599926088613e+02
6.702918565784461862e+02
6.708047531642832837e+02
6.713176497501204949e+02
6.718305463359577061e+02
6.723434429217948036e+02
6.728563395076320148e+02
6.733692360934692260e+02
6.738821326793064372e+02
6.743950292651436484e+02
6.749079258509807460e+02
6.754208224368179572e+02
6.759337190226551684e+02
6.764466156084922659e+02
6.769595121943295908e+02
6.774724087801666883e+02
6.779853053660038995e+02
6.784982019518411107e+02
6.790110985376782082e+02
6.795239951235155331e+02
6.800368917093526306e+02
6.805497882951898418e+02
6.810626848810270531e+02
6.815755814668641506e+02
6.820884780527013618e+02
6.826013746385385730e+02
6.831142712243756705e+02
6.836271678102129954e+02
6.841400643960500929e+02
6.846529609818873041e+02
6.851658575677245153e+02
6.856787541535616128e+02
6.861916507393989377e+02
6.867045473252360352e+02
6.872174439110732465e+02
6.877303404969104577e+02
6.882432370827475552e+02
6.887561336685847664e+02
6.892690302544219776e+02
6.897819268402591888e+02
6.902948234260964000e+02
6.908077200119334975e+02
6.913206165977707087e+02
6.918335131836079199e+02
6.923464097694450174e+02
6.928593063552823423e+02
6.933722029411194399e+02
6.938850995269566511e+02
6.943979961127938623e+02
6.949108926986309598e+02
6.954237892844682847e+02
6.959366858703053822e+02
6.964495824561425934e+02
6.969624790419798046e+02
6.974753756278169021e+02
6.979882722136541133e+02
6.985011687994913245e+02
6.990140653853284221e+02
6.995269619711657469e+02
7.000398585570028445e+02
7.005527551428400557e+02
7.010656517286772669e+02
7.015785483145143644e+02
7.020914449003516893e+02
7.026043414861887868e+02
7.031172380720259980e+02
7.036301346578632092e+02
7.041430312437003067e+02
7.046559278295375179e+02
7.051688244153747291e+02
7.056817210012118267e+02
7.061946175870491516e+02
7.067075141728862491e+02
7.072204107587234603e+02
7.077333073445606715e+02
7.082462039303977690e+02
7.087591005162350939e+02
7.092719971020721914e+02
7.097848936879094026e+02
7.102977902737466138e+02
7.108106868595837113e+02
7.113235834454209225e+02
7.118364800312581337e+02
7.123493766170953450e+02
7.128622732029325562e+02
7.133751697887696537e+02
7.138880663746068649e+02
7.144009629604440761e+02
7.149138595462811736e+02
7.154267561321184985e+02
7.159396527179555960e+02
7.164525493037928072e+02
7.169654458896300184e+02
7.174783424754671159e+02
7.179912390613044408e+02
7.185041356471415384e+02
7.190170322329787496e+02
7.195299288188159608e+02
7.200428254046530583e+02
7.205557219904902695e+02
7.210686185763274807e+02
7.215815151621645782e+02
7.220944117480019031e+02
7.226073083338390006e+02
7.231202049196762118e+02
7.236331015055134230e+02
7.241459980913505206e+02
7.246588946771878454e+02
7.251717912630249430e+02
7.256846878488621542e+02
7.261975844346993654e+02
7.267104810205364629e+02
7.272233776063736741e+02
7.277362741922108853e+02
7.282491707780480965e+02
7.287620673638853077e+02
7.292749639497224052e+02
7.297878605355596164e+02
7.303007571213968276e+02
7.308136537072339252e+02
7.313265502930712501e+02
7.318394468789083476e+02
7.323523434647455588e+02
7.328652400505827700e+02
7.333781366364198675e+02
7.338910332222571924e+02
7.344039298080942899e+02
7.349168263939315011e+02
7.354297229797687123e+02
7.359426195656058098e+02
7.364555161514430210e+02
7.369684127372802322e+02
7.374813093231173298e+02
7.379942059089546547e+02
7.385071024947917522e+02
7.390199990806289634e+02
7.395328956664661746e+02
7.400457922523032721e+02
7.405586888381405970e+02
7.410715854239776945e+02
7.415844820098149057e+02
7.420973785956521169e+02
7.426102751814892144e+02
7.431231717673264257e+02
7.436360683531636369e+02
7.441489649390007344e+02
7.446618615248380593e+02
7.451747581106751568e+02
7.456876546965123680e+02
7.462005512823495792e+02
7.467134478681866767e+02
7.472263444540240016e+02
7.477392410398610991e+02
7.482521376256983103e+02
7.487650342115355215e+02
7.492779307973726191e+02
7.497908273832098303e+02
7.503037239690470415e+02
7.508166205548842527e+02
7.513295171407214639e+02
7.518424137265585614e+02
7.523553103123957726e+02
7.528682068982329838e+02
7.533811034840700813e+02
7.538940000699074062e+02
7.544068966557445037e+02
7.549197932415817149e+02
7.554326898274189261e+02
7.559455864132560237e+02
7.564584829990933486e+02
7.569713795849304461e+02
7.574842761707676573e+02
7.579971727566048685e+02
7.585100693424419660e+02
7.590229659282791772e+02
7.595358625141163884e+02
7.600487590999534859e+02
7.605616556857908108e+02
7.610745522716279083e+02
7.615874488574651195e+02
7.621003454433023308e+02
7.626132420291394283e+02
7.631261386149767532e+02
7.636390352008138507e+02
7.641519317866510619e+02
7.646648283724882731e+02
7.651777249583253706e+02
7.656906215441625818e+02
7.662035181299997930e+02
7.667164147158370042e+02
7.672293113016742154e+02
