 -2.956      0
 -2.926      0
 -2.896      0
 -2.866      0
 -2.835      0
 -2.805      0
 -2.775      0
 -2.745      0
 -2.714      0
 -2.684      0
 -2.654      0
 -2.624      0
 -2.593      0
 -2.563      0
 -2.533      0
 -2.503      0
 -2.473      0
 -2.442      0
 -2.412      0
 -2.382      0
 -2.352      0
 -2.321      0
 -2.291      0
 -2.261      0
 -2.231      0
 -2.200      0
 -2.170      0
 -2.140      0
 -2.110      0
 -2.079      0
 -2.049      0
 -2.019      8
 -1.989      6
 -1.958      1
 -1.928      6
 -1.898      4
 -1.868      7
 -1.837      4
 -1.807      8
 -1.777      1
 -1.747      2
 -1.716      2
 -1.686      4
 -1.656      4
 -1.626      1
 -1.595      3
 -1.565      2
 -1.535      4
 -1.505      3
 -1.474      0
 -1.444      2
 -1.414      2
 -1.384      2
 -1.353      3
 -1.323      1
 -1.293      3
 -1.263      1
 -1.232      4
 -1.202      2
 -1.172      1
 -1.142      4
 -1.112      5
 -1.081      3
 -1.051      2
 -1.021      3
 -0.991      6
 -0.960      7
 -0.930      4
 -0.900      2
 -0.870      2
 -0.839      3
 -0.809      0
 -0.779      1
 -0.749      2
 -0.718      5
 -0.688      4
 -0.658      3
 -0.628      3
 -0.597      4
 -0.567      4
 -0.537      5
 -0.507      9
 -0.476      2
 -0.446      4
 -0.416      0
 -0.386      1
 -0.355      2
 -0.325      3
 -0.295      1
 -0.265      5
 -0.234      5
 -0.204      3
 -0.174      2
 -0.144      2
 -0.113      4
 -0.083      2
 -0.053      0
 -0.023      3
  0.008      4
  0.038      5
  0.068      2
  0.098      2
  0.128      5
  0.159      7
  0.189      8
  0.219      9
  0.249      4
  0.280      5
  0.310      5
  0.340      2
  0.370      4
  0.401      4
  0.431      6
  0.461      3
  0.491      1
  0.522      4
  0.552      4
  0.582      5
  0.612      2
  0.643      6
  0.673      0
  0.703      5
  0.733      4
  0.764      2
  0.794      2
  0.824      3
  0.854      5
  0.885      2
  0.915      3
  0.945      5
  0.975      2
  1.006      4
  1.036      3
  1.066      3
  1.096      2
  1.127      5
  1.157      3
  1.187      3
  1.217      2
  1.248      2
  1.278      6
  1.308      4
  1.338      3
  1.369      2
  1.399      0
  1.429      6
  1.459      3
  1.489      2
  1.520      3
  1.550      5
  1.580      4
  1.610      3
  1.641      4
  1.671      5
  1.701      1
  1.731      1
  1.762      2
  1.792      3
  1.822      5
  1.852      9
  1.883      8
  1.913      3
  1.943      5
  1.973      1
  2.004      6
  2.034      4
  2.064      3
  2.094      5
  2.125     10
  2.155      3
  2.185      1
  2.215      5
  2.246      5
  2.276      5
  2.306      7
  2.336      6
  2.367      4
  2.397      2
  2.427      5
  2.457      4
  2.488      6
  2.518      5
  2.548      7
  2.578      6
  2.609      5
  2.639      9
  2.669      8
  2.699      7
  2.729      5
  2.760      3
  2.790      9
  2.820      7
  2.850      2
  2.881      4
  2.911      7
  2.941      5
  2.971      2
  3.002      9
  3.032      6
  3.062      6
  3.092      4
  3.123     13
  3.153      6
  3.183      6
  3.213      9
  3.244      8
  3.274      6
  3.304      9
  3.334      5
  3.365      7
  3.395      8
  3.425      8
  3.455      2
  3.486      6
  3.516      6
  3.546      6
  3.576      9
  3.607     11
  3.637     10
  3.667      6
  3.697      9
  3.728     12
  3.758     11
  3.788     13
  3.818      9
  3.849      6
  3.879      8
  3.909      9
  3.939     10
  3.970     11
  4.000     11
  4.030     11
  4.060     15
  4.090     14
  4.121     13
  4.151     16
  4.181     32
  4.211     40
  4.242     95
  4.272    121
  4.302    194
  4.332    249
  4.363    307
  4.393    342
  4.423    397
  4.453    439
  4.484    509
  4.514    528
  4.544    593
  4.574    591
  4.605    680
  4.635    728
  4.665    721
  4.695    761
  4.726    786
  4.756    862
  4.786    884
  4.816    881
  4.847    846
  4.877    865
  4.907    894
  4.937    913
  4.968    867
  4.998    901
  5.028    964
  5.058    904
  5.089    912
  5.119    932
  5.149    916
  5.179    941
  5.210    929
  5.240    941
  5.270    896
  5.300    901
  5.331    911
  5.361    912
  5.391    923
  5.421    892
  5.451    941
  5.482   1003
  5.512    898
  5.542    912
  5.572    920
  5.603    917
  5.633    990
  5.663   1006
  5.693    941
  5.724    904
  5.754    981
  5.784    885
  5.814    919
  5.845    976
  5.875    977
  5.905    992
  5.935    979
  5.966    973
  5.996   1008
  6.026    964
  6.056    954
  6.087   1011
  6.117    979
  6.147    951
  6.177    993
  6.208    972
  6.238    948
  6.268    954
  6.298    960
  6.329    944
  6.359    996
  6.389    931
  6.419    991
  6.450    986
  6.480    991
  6.510   1021
  6.540    959
  6.571    893
  6.601    964
  6.631    926
  6.661   1024
  6.691    944
  6.722    983
  6.752    979
  6.782   1003
  6.812    917
  6.843    910
  6.873    969
  6.903    933
  6.933   1025
  6.964    931
  6.994    985
  7.024    954
  7.054    947
  7.085    943
  7.115    971
  7.145    988
  7.175    993
  7.206   1017
  7.236    946
  7.266    917
  7.296    932
  7.327    905
  7.357    930
  7.387    945
  7.417    943
  7.448    932
  7.478   1005
  7.508    997
  7.538   1051
  7.569    980
  7.599    961
  7.629    948
  7.659   1006
  7.690    965
  7.720    945
  7.750    923
  7.780    969
  7.811    941
  7.841    925
  7.871    921
  7.901    953
  7.932    894
  7.962    917
  7.992    972
  8.022    925
  8.052    960
  8.083   1000
  8.113    936
  8.143    986
  8.173    965
  8.204    972
  8.234    882
  8.264    907
  8.294    911
  8.325    909
  8.355    963
  8.385    930
  8.415    950
  8.446    965
  8.476    940
  8.506    920
  8.536    924
  8.567    937
  8.597    919
  8.627    854
  8.657    873
  8.688    845
  8.718    895
  8.748    837
  8.778    884
  8.809    910
  8.839    924
  8.869    841
  8.899    922
  8.930    929
  8.960    934
  8.990    900
  9.020    905
  9.051    898
  9.081    889
  9.111    892
  9.141    883
  9.172    867
  9.202    881
  9.232    897
  9.262    909
  9.292    908
  9.323    893
  9.353    943
  9.383    910
  9.413    941
  9.444    997
  9.474    902
  9.504    876
  9.534    907
  9.565    919
  9.595    861
  9.625    917
  9.655    959
  9.686    880
  9.716    888
  9.746    855
  9.776    940
  9.807    837
  9.837    916
  9.867    935
  9.897    917
  9.928    833
  9.958    881
  9.988    886
 10.018    880
 10.049    876
 10.079    946
 10.109    937
 10.139    903
 10.170    913
 10.200    886
 10.230    828
 10.260    933
 10.291    962
 10.321    935
 10.351    908
 10.381    918
 10.412    960
 10.442    986
 10.472    980
 10.502    903
 10.533    928
 10.563    914
 10.593    913
 10.623    881
 10.653    819
 10.684    878
 10.714    890
 10.744    905
 10.774    854
 10.805    909
 10.835    896
 10.865    890
 10.895    957
 10.926    914
 10.956    899
 10.986    884
 11.016    854
 11.047    923
 11.077    839
 11.107    871
 11.137    872
 11.168    899
 11.198    838
 11.228    937
 11.258    897
 11.289    939
 11.319    949
 11.349    910
 11.379    898
 11.410    873
 11.440    854
 11.470    917
 11.500    918
 11.531    957
 11.561    902
 11.591    901
 11.621    902
 11.652    858
 11.682    868
 11.712    879
 11.742    914
 11.773    899
 11.803    870
 11.833    916
 11.863    958
 11.893    895
 11.924    906
 11.954    925
 11.984    887
 12.014    866
 12.045    924
 12.075    913
 12.105    954
 12.135    862
 12.166    886
 12.196    881
 12.226    873
 12.256    905
 12.287    897
 12.317    900
 12.347    949
 12.377    898
 12.408    900
 12.438    909
 12.468    928
 12.498    886
 12.529    921
 12.559    922
 12.589    885
 12.619    923
 12.650    866
 12.680    867
 12.710    903
 12.740    899
 12.771    890
 12.801    933
 12.831    914
 12.861    882
 12.892    952
 12.922    957
 12.952    943
 12.982    897
 13.013    894
 13.043    915
 13.073    877
 13.103    929
 13.134    886
 13.164    873
 13.194    808
 13.224    833
 13.254    856
 13.285    839
 13.315    843
 13.345    872
 13.375    906
 13.406    886
 13.436    880
 13.466    877
 13.496    813
 13.527    863
 13.557    821
 13.587    798
 13.617    830
 13.648    769
 13.678    930
 13.708    883
 13.738    851
 13.769    857
 13.799    887
 13.829    867
 13.859    840
 13.890    810
 13.920    879
 13.950    883
 13.980    830
 14.011    903
 14.041    853
 14.071    820
 14.101    821
 14.132    897
 14.162    881
 14.192    856
 14.222    859
 14.253    833
 14.283    872
 14.313    835
 14.343    877
 14.374    918
 14.404    863
 14.434    817
 14.464    897
 14.494    917
 14.525    852
 14.555    845
 14.585    862
 14.615    908
 14.646    905
 14.676    971
 14.706    934
 14.736    954
 14.767    884
 14.797    907
 14.827    888
 14.857    862
 14.888    939
 14.918    786
 14.948    837
 14.978    858
 15.009    823
 15.039    817
 15.069    805
 15.099    822
 15.130    822
 15.160    842
 15.190    852
 15.220    829
 15.251    861
 15.281    853
 15.311    881
 15.341    881
 15.372    846
 15.402    893
 15.432    911
 15.462    834
 15.493    843
 15.523    793
 15.553    831
 15.583    859
 15.614    802
 15.644    844
 15.674    859
 15.704    835
 15.735    850
 15.765    865
 15.795    848
 15.825    852
 15.855    872
 15.886    847
 15.916    836
 15.946    848
 15.976    815
 16.007    826
 16.037    844
 16.067    895
 16.097    845
 16.128    834
 16.158    851
 16.188    885
 16.218    896
 16.249    858
 16.279    827
 16.309    844
 16.339    919
 16.370    907
 16.400    901
 16.430    906
 16.460    861
 16.491    892
 16.521   1079
 16.551   1134
 16.581   1272
 16.612   1443
 16.642   1555
 16.672   1544
 16.702   1342
 16.733   1227
 16.763   1256
 16.793   1165
 16.823   1068
 16.854    970
 16.884    906
 16.914    872
 16.944    800
 16.975    806
 17.005    828
 17.035    850
 17.065    831
 17.095    864
 17.126    874
 17.156    820
 17.186    835
 17.216    856
 17.247    886
 17.277    829
 17.307    784
 17.337    801
 17.368    839
 17.398    798
 17.428    810
 17.458    824
 17.489    825
 17.519    862
 17.549    801
 17.579    811
 17.610    815
 17.640    867
 17.670    844
 17.700    816
 17.731    882
 17.761    868
 17.791    820
 17.821    764
 17.852    790
 17.882    830
 17.912    821
 17.942    851
 17.973    849
 18.003    847
 18.033    849
 18.063    852
 18.094    855
 18.124    800
 18.154    801
 18.184    828
 18.215    883
 18.245    860
 18.275    870
 18.305    881
 18.336    854
 18.366    839
 18.396    784
 18.426    824
 18.456    787
 18.487    739
 18.517    811
 18.547    810
 18.577    804
 18.608    836
 18.638    871
 18.668    792
 18.698    845
 18.729    882
 18.759    801
 18.789    825
 18.819    836
 18.850    814
 18.880    874
 18.910    759
 18.940    754
 18.971    808
 19.001    775
 19.031    835
 19.061    831
 19.092    822
 19.122    817
 19.152    843
 19.182    826
 19.213    789
 19.243    908
 19.273    799
 19.303    843
 19.334    802
 19.364    840
 19.394    809
 19.424    804
 19.455    793
 19.485    813
 19.515    887
 19.545    761
 19.576    791
 19.606    781
 19.636    864
 19.666    816
 19.696    768
 19.727    824
 19.757    837
 19.787    779
 19.817    831
 19.848    839
 19.878    811
 19.908    830
 19.938    800
 19.969    853
 19.999    822
 20.029    812
 20.059    782
 20.090    759
 20.120    780
 20.150    841
 20.180    836
 20.211    833
 20.241    832
 20.271    812
 20.301    835
 20.332    768
 20.362    770
 20.392    787
 20.422    784
 20.453    794
 20.483    826
 20.513    831
 20.543    816
 20.574    833
 20.604    758
 20.634    762
 20.664    815
 20.695    774
 20.725    822
 20.755    829
 20.785    774
 20.816    815
 20.846    809
 20.876    833
 20.906    829
 20.937    813
 20.967    810
 20.997    825
 21.027    797
 21.057    742
 21.088    813
 21.118    798
 21.148    796
 21.178    755
 21.209    739
 21.239    772
 21.269    763
 21.299    835
 21.330    746
 21.360    812
 21.390    786
 21.420    747
 21.451    674
 21.481    775
 21.511    782
 21.541    817
 21.572    762
 21.602    745
 21.632    745
 21.662    752
 21.693    807
 21.723    781
 21.753    813
 21.783    794
 21.814    754
 21.844    822
 21.874    787
 21.904    731
 21.935    765
 21.965    750
 21.995    752
 22.025    758
 22.056    695
 22.086    700
 22.116    722
 22.146    694
 22.177    746
 22.207    709
 22.237    679
 22.267    671
 22.297    716
 22.328    728
 22.358    681
 22.388    736
 22.418    684
 22.449    737
 22.479    695
 22.509    703
 22.539    743
 22.570    658
 22.600    740
 22.630    729
 22.660    739
 22.691    719
 22.721    747
 22.751    782
 22.781    711
 22.812    738
 22.842    740
 22.872    699
 22.902    715
 22.933    759
 22.963    731
 22.993    752
 23.023    729
 23.054    705
 23.084    702
 23.114    756
 23.144    711
 23.175    787
 23.205    687
 23.235    741
 23.265    696
 23.296    683
 23.326    687
 23.356    647
 23.386    665
 23.417    691
 23.447    726
 23.477    685
 23.507    673
 23.538    685
 23.568    695
 23.598    655
 23.628    726
 23.658    668
 23.689    704
 23.719    680
 23.749    706
 23.779    710
 23.810    710
 23.840    664
 23.870    691
 23.900    688
 23.931    702
 23.961    695
 23.991    740
 24.021    688
 24.052    678
 24.082    701
 24.112    692
 24.142    681
 24.173    656
 24.203    687
 24.233    698
 24.263    668
 24.294    674
 24.324    710
 24.354    726
 24.384    704
 24.415    691
 24.445    665
 24.475    696
 24.505    663
 24.536    664
 24.566    698
 24.596    685
 24.626    723
 24.657    712
 24.687    768
 24.717    777
 24.747    769
 24.778    753
 24.808    757
 24.838    739
 24.868    759
 24.898    765
 24.929    726
 24.959    694
 24.989    633
 25.019    669
 25.050    664
 25.080    696
 25.110    613
 25.140    616
 25.171    693
 25.201    665
 25.231    647
 25.261    680
 25.292    697
 25.322    681
 25.352    632
 25.382    655
 25.413    644
 25.443    697
 25.473    647
 25.503    694
 25.534    635
 25.564    667
 25.594    615
 25.624    649
 25.655    665
 25.685    645
 25.715    610
 25.745    605
 25.776    621
 25.806    601
 25.836    636
 25.866    652
 25.897    643
 25.927    618
 25.957    621
 25.987    600
 26.018    662
 26.048    652
 26.078    620
 26.108    611
 26.139    598
 26.169    620
 26.199    593
 26.229    584
 26.259    625
 26.290    637
 26.320    599
 26.350    583
 26.380    595
 26.411    615
 26.441    597
 26.471    593
 26.501    682
 26.532    631
 26.562    618
 26.592    565
 26.622    617
 26.653    625
 26.683    631
 26.713    611
 26.743    644
 26.774    626
 26.804    619
 26.834    575
 26.864    569
 26.895    634
 26.925    588
 26.955    610
 26.985    605
 27.016    603
 27.046    647
 27.076    617
 27.106    635
 27.137    648
 27.167    586
 27.197    602
 27.227    615
 27.258    629
 27.288    636
 27.318    604
 27.348    605
 27.379    580
 27.409    659
 27.439    614
 27.469    659
 27.499    596
 27.530    619
 27.560    556
 27.590    582
 27.620    607
 27.651    580
 27.681    607
 27.711    583
 27.741    589
 27.772    636
 27.802    559
 27.832    608
 27.862    558
 27.893    555
 27.923    586
 27.953    575
 27.983    555
 28.014    573
 28.044    551
 28.074    561
 28.104    594
 28.135    570
 28.165    578
 28.195    577
 28.225    607
 28.256    570
 28.286    572
 28.316    594
 28.346    582
 28.377    575
 28.407    562
 28.437    557
 28.467    599
 28.498    571
 28.528    543
 28.558    601
 28.588    534
 28.619    557
 28.649    528
 28.679    571
 28.709    545
 28.740    560
 28.770    548
 28.800    483
 28.830    570
 28.860    524
 28.891    539
 28.921    544
 28.951    569
 28.981    531
 29.012    539
 29.042    525
 29.072    583
 29.102    553
 29.133    510
 29.163    526
 29.193    569
 29.223    553
 29.254    551
 29.284    503
 29.314    502
 29.344    539
 29.375    578
 29.405    573
 29.435    552
 29.465    576
 29.496    518
 29.526    547
 29.556    491
 29.586    512
 29.617    568
 29.647    538
 29.677    529
 29.707    526
 29.738    565
 29.768    517
 29.798    481
 29.828    554
 29.859    542
 29.889    531
 29.919    501
 29.949    525
 29.980    566
 30.010    551
 30.040    503
 30.070    517
 30.101    553
 30.131    484
 30.161    533
 30.191    524
 30.221    499
 30.252    537
 30.282    539
 30.312    493
 30.342    469
 30.373    495
 30.403    524
 30.433    532
 30.463    501
 30.494    507
 30.524    494
 30.554    513
 30.584    512
 30.615    499
 30.645    468
 30.675    502
 30.705    527
 30.736    525
 30.766    498
 30.796    464
 30.826    551
 30.857    513
 30.887    484
 30.917    458
 30.947    471
 30.978    495
 31.008    473
 31.038    476
 31.068    509
 31.099    494
 31.129    438
 31.159    476
 31.189    525
 31.220    506
 31.250    481
 31.280    465
 31.310    489
 31.341    458
 31.371    496
 31.401    455
 31.431    462
 31.461    479
 31.492    471
 31.522    496
 31.552    481
 31.582    441
 31.613    429
 31.643    453
 31.673    488
 31.703    473
 31.734    457
 31.764    444
 31.794    462
 31.824    467
 31.855    455
 31.885    440
 31.915    455
 31.945    432
 31.976    464
 32.006    456
 32.036    437
 32.066    441
 32.097    455
 32.127    398
 32.157    463
 32.187    465
 32.218    424
 32.248    401
 32.278    436
 32.308    446
 32.339    434
 32.369    414
 32.399    384
 32.429    476
 32.460    424
 32.490    405
 32.520    446
 32.550    469
 32.581    452
 32.611    451
 32.641    441
 32.671    453
 32.702    438
 32.732    460
 32.762    467
 32.792    459
 32.822    455
 32.853    479
 32.883    452
 32.913    454
 32.943    410
 32.974    425
 33.004    470
 33.034    420
 33.064    423
 33.095    415
 33.125    457
 33.155    437
 33.185    400
 33.216    436
 33.246    415
 33.276    433
 33.306    407
 33.337    463
 33.367    450
 33.397    444
 33.427    401
 33.458    409
 33.488    364
 33.518    396
 33.548    421
 33.579    398
 33.609    390
 33.639    379
 33.669    393
 33.700    390
 33.730    440
 33.760    425
 33.790    364
 33.821    391
 33.851    389
 33.881    383
 33.911    364
 33.942    378
 33.972    379
 34.002    390
 34.032    353
 34.062    400
 34.093    386
 34.123    366
 34.153    371
 34.183    380
 34.214    406
 34.244    393
 34.274    331
 34.304    349
 34.335    378
 34.365    349
 34.395    359
 34.425    351
 34.456    358
 34.486    340
 34.516    363
 34.546    376
 34.577    360
 34.607    362
 34.637    381
 34.667    397
 34.698    378
 34.728    376
 34.758    377
 34.788    363
 34.819    327
 34.849    366
 34.879    375
 34.909    379
 34.940    348
 34.970    367
 35.000    356
 35.030    342
 35.061    363
 35.091    319
 35.121    360
 35.151    335
 35.182    326
 35.212    350
 35.242    356
 35.272    316
 35.303    365
 35.333    348
 35.363    346
 35.393    349
 35.423    370
 35.454    312
 35.484    342
 35.514    326
 35.544    345
 35.575    373
 35.605    392
 35.635    339
 35.665    340
 35.696    351
 35.726    339
 35.756    341
 35.786    371
 35.817    376
 35.847    370
 35.877    335
 35.907    361
 35.938    388
 35.968    336
 35.998    355
 36.028    377
 36.059    328
 36.089    340
 36.119    378
 36.149    339
 36.180    373
 36.210    381
 36.240    337
 36.270    366
 36.301    373
 36.331    331
 36.361    349
 36.391    305
 36.422    341
 36.452    330
 36.482    337
 36.512    335
 36.543    353
 36.573    337
 36.603    332
 36.633    317
 36.663    332
 36.694    390
 36.724    346
 36.754    352
 36.784    344
 36.815    346
 36.845    346
 36.875    320
 36.905    350
 36.936    317
 36.966    301
 36.996    309
 37.026    298
 37.057    313
 37.087    288
 37.117    274
 37.147    289
 37.178    306
 37.208    306
 37.238    325
 37.268    323
 37.299    304
 37.329    302
 37.359    295
 37.389    301
 37.420    299
 37.450    306
 37.480    309
 37.510    309
 37.541    262
 37.571    312
 37.601    308
 37.631    305
 37.662    290
 37.692    282
 37.722    275
 37.752    290
 37.783    269
 37.813    257
 37.843    282
 37.873    270
 37.904    249
 37.934    278
 37.964    276
 37.994    273
 38.024    278
 38.055    302
 38.085    290
 38.115    292
 38.145    283
 38.176    292
 38.206    325
 38.236    287
 38.266    309
 38.297    269
 38.327    266
 38.357    284
 38.387    271
 38.418    228
 38.448    258
 38.478    247
 38.508    246
 38.539    264
 38.569    316
 38.599    253
 38.629    272
 38.660    268
 38.690    291
 38.720    275
 38.750    280
 38.781    263
 38.811    277
 38.841    246
 38.871    259
 38.902    278
 38.932    269
 38.962    289
 38.992    279
 39.023    298
 39.053    286
 39.083    262
 39.113    285
 39.144    300
 39.174    257
 39.204    281
 39.234    240
 39.264    257
 39.295    294
 39.325    272
 39.355    276
 39.385    265
 39.416    235
 39.446    259
 39.476    255
 39.506    252
 39.537    297
 39.567    253
 39.597    224
 39.627    264
 39.658    270
 39.688    267
 39.718    304
 39.748    244
 39.779    252
 39.809    289
 39.839    255
 39.869    264
 39.900    263
 39.930    260
 39.960    266
 39.990    266
 40.021    247
 40.051    269
 40.081    219
 40.111    262
 40.142    247
 40.172    260
 40.202    256
 40.232    249
 40.263    217
 40.293    270
 40.323    269
 40.353    297
 40.384    278
 40.414    250
 40.444    254
 40.474    261
 40.505    257
 40.535    269
 40.565    224
 40.595    264
 40.625    252
 40.656    252
 40.686    240
 40.716    262
 40.746    263
 40.777    266
 40.807    237
 40.837    228
 40.867    261
 40.898    256
 40.928    254
 40.958    252
 40.988    224
 41.019    279
 41.049    296
 41.079    276
 41.109    270
 41.140    265
 41.170    275
 41.200    265
 41.230    273
 41.261    255
 41.291    265
 41.321    280
 41.351    257
 41.382    239
 41.412    222
 41.442    254
 41.472    247
 41.503    239
 41.533    260
 41.563    267
 41.593    235
 41.624    233
 41.654    261
 41.684    262
 41.714    242
 41.745    279
 41.775    258
 41.805    241
 41.835    239
 41.865    241
 41.896    251
 41.926    229
 41.956    227
 41.986    193
 42.017    232
 42.047    221
 42.077    245
 42.107    250
 42.138    207
 42.168    212
 42.198    219
 42.228    241
 42.259    240
 42.289    206
 42.319    212
 42.349    231
 42.380    218
 42.410    234
 42.440    207
 42.470    208
 42.501    249
 42.531    214
 42.561    216
 42.591    223
 42.622    263
 42.652    218
 42.682    213
 42.712    247
 42.743    233
 42.773    210
 42.803    201
 42.833    227
 42.864    239
 42.894    223
 42.924    233
 42.954    246
 42.985    228
 43.015    221
 43.045    222
 43.075    213
 43.106    223
 43.136    207
 43.166    182
 43.196    186
 43.226    212
 43.257    212
 43.287    185
 43.317    223
 43.347    234
 43.378    232
 43.408    231
 43.438    247
 43.468    237
 43.499    251
 43.529    232
 43.559    228
 43.589    215
 43.620    216
 43.650    232
 43.680    205
 43.710    226
 43.741    242
 43.771    223
 43.801    220
 43.831    246
 43.862    222
 43.892    253
 43.922    228
 43.952    207
 43.983    212
 44.013    233
 44.043    226
 44.073    224
 44.104    206
 44.134    207
 44.164    229
 44.194    240
 44.225    221
 44.255    253
 44.285    226
 44.315    236
 44.346    250
 44.376    232
 44.406    230
 44.436    267
 44.466    245
 44.497    250
 44.527    223
 44.557    224
 44.587    242
 44.618    248
 44.648    240
 44.678    267
 44.708    234
 44.739    225
 44.769    234
 44.799    247
 44.829    235
 44.860    241
 44.890    259
 44.920    197
 44.950    213
 44.981    241
 45.011    213
 45.041    225
 45.071    194
 45.102    221
 45.132    234
 45.162    229
 45.192    218
 45.223    222
 45.253    210
 45.283    239
 45.313    216
 45.344    274
 45.374    232
 45.404    205
 45.434    205
 45.465    220
 45.495    227
 45.525    233
 45.555    230
 45.586    194
 45.616    195
 45.646    203
 45.676    183
 45.707    185
 45.737    226
 45.767    211
 45.797    221
 45.827    201
 45.858    239
 45.888    225
 45.918    220
 45.948    203
 45.979    233
 46.009    216
 46.039    234
 46.069    215
 46.100    202
 46.130    213
 46.160    207
 46.190    219
 46.221    228
 46.251    198
 46.281    222
 46.311    223
 46.342    197
 46.372    219
 46.402    221
 46.432    214
 46.463    211
 46.493    217
 46.523    196
 46.553    201
 46.584    211
 46.614    215
 46.644    215
 46.674    208
 46.705    210
 46.735    215
 46.765    210
 46.795    176
 46.826    198
 46.856    216
 46.886    206
 46.916    204
 46.947    183
 46.977    178
 47.007    179
 47.037    200
 47.067    212
 47.098    177
 47.128    190
 47.158    176
 47.188    178
 47.219    192
 47.249    166
 47.279    189
 47.309    185
 47.340    192
 47.370    176
 47.400    177
 47.430    179
 47.461    173
 47.491    184
 47.521    189
 47.551    164
 47.582    197
 47.612    184
 47.642    160
 47.672    172
 47.703    178
 47.733    219
 47.763    188
 47.793    178
 47.824    219
 47.854    219
 47.884    194
 47.914    170
 47.945    174
 47.975    179
 48.005    184
 48.035    146
 48.066    198
 48.096    195
 48.126    196
 48.156    174
 48.187    190
 48.217    228
 48.247    204
 48.277    188
 48.308    236
 48.338    202
 48.368    215
 48.398    210
 48.428    223
 48.459    187
 48.489    196
 48.519    174
 48.549    179
 48.580    185
 48.610    169
 48.640    181
 48.670    217
 48.701    203
 48.731    203
 48.761    215
 48.791    184
 48.822    167
 48.852    162
 48.882    177
 48.912    185
 48.943    170
 48.973    174
 49.003    184
 49.033    187
 49.064    202
 49.094    183
 49.124    199
 49.154    178
 49.185    177
 49.215    170
 49.245    199
 49.275    187
 49.306    165
 49.336    170
 49.366    172
 49.396    184
 49.427    182
 49.457    176
 49.487    179
 49.517    196
 49.548    196
 49.578    183
 49.608    190
 49.638    181
 49.668    194
 49.699    208
 49.729    184
 49.759    170
 49.789    187
 49.820    179
 49.850    191
 49.880    169
 49.910    166
 49.941    177
 49.971    215
 50.001    185
 50.031    194
 50.062    176
 50.092    167
 50.122    174
 50.152    170
 50.183    170
 50.213    188
 50.243    222
 50.273    196
 50.304    187
 50.334    202
 50.364    155
 50.394    163
 50.425    169
 50.455    188
 50.485    175
 50.515    179
 50.546    161
 50.576    158
 50.606    156
 50.636    201
 50.667    160
 50.697    172
 50.727    151
 50.757    175
 50.788    174
 50.818    162
 50.848    192
 50.878    179
 50.909    170
 50.939    177
 50.969    180
 50.999    167
 51.029    186
 51.060    170
 51.090    185
 51.120    206
 51.150    174
 51.181    214
 51.211    208
 51.241    173
 51.271    203
 51.302    194
 51.332    178
 51.362    156
 51.392    179
 51.423    152
 51.453    163
 51.483    168
 51.513    159
 51.544    188
 51.574    172
 51.604    179
 51.634    186
 51.665    185
 51.695    153
 51.725    158
 51.755    146
 51.786    153
 51.816    147
 51.846    135
 51.876    175
 51.907    176
 51.937    159
 51.967    141
 51.997    132
 52.028    144
 52.058    153
 52.088    173
 52.118    180
 52.149    144
 52.179    164
 52.209    157
 52.239    155
 52.269    166
 52.300    170
 52.330    158
 52.360    150
 52.390    178
 52.421    174
 52.451    160
 52.481    162
 52.511    157
 52.542    145
 52.572    144
 52.602    138
 52.632    143
 52.663    159
 52.693    158
 52.723    160
 52.753    176
 52.784    164
 52.814    151
 52.844    144
 52.874    148
 52.905    169
 52.935    157
 52.965    172
 52.995    137
 53.026    150
 53.056    156
 53.086    143
 53.116    164
 53.147    171
 53.177    135
 53.207    148
 53.237    158
 53.268    149
 53.298    158
 53.328    155
 53.358    160
 53.389    146
 53.419    145
 53.449    156
 53.479    193
 53.510    188
 53.540    172
 53.570    174
 53.600    187
 53.630    147
 53.661    174
 53.691    154
 53.721    134
 53.751    140
 53.782    157
 53.812    130
 53.842    143
 53.872    158
 53.903    154
 53.933    165
 53.963    175
 53.993    166
 54.024    154
 54.054    169
 54.084    167
 54.114    183
 54.145    146
 54.175    157
 54.205    150
 54.235    160
 54.266    181
 54.296    154
 54.326    161
 54.356    165
 54.387    155
 54.417    168
 54.447    175
 54.477    169
 54.508    149
 54.538    155
 54.568    133
 54.598    196
 54.629    156
 54.659    168
 54.689    169
 54.719    172
 54.750    136
 54.780    130
 54.810    135
 54.840    177
 54.870    154
 54.901    165
 54.931    169
 54.961    156
 54.991    168
 55.022    142
 55.052    139
 55.082    170
 55.112    153
 55.143    166
 55.173    157
 55.203    164
 55.233    158
 55.264    157
 55.294    154
 55.324    175
 55.354    144
 55.385    165
 55.415    164
 55.445    153
 55.475    169
 55.506    160
 55.536    124
 55.566    170
 55.596    137
 55.627    158
 55.657    141
 55.687    137
 55.717    131
 55.748    136
 55.778    174
 55.808    134
 55.838    156
 55.869    139
 55.899    155
 55.929    163
 55.959    155
 55.990    155
 56.020    179
 56.050    146
 56.080    136
 56.111    149
 56.141    154
 56.171    139
 56.201    161
 56.231    159
 56.262    141
 56.292    170
 56.322    134
 56.352    168
 56.383    136
 56.413    146
 56.443    148
 56.473    141
 56.504    173
 56.534    151
 56.564    161
 56.594    145
 56.625    173
 56.655    122
 56.685    128
 56.715    136
 56.746    129
 56.776    117
 56.806    134
 56.836    145
 56.867    141
 56.897    134
 56.927    134
 56.957    125
 56.988    124
 57.018    127
 57.048    131
 57.078    135
 57.109    135
 57.139    135
 57.169    145
 57.199    131
 57.230    144
 57.260    136
 57.290    130
 57.320    146
 57.351    140
 57.381    125
 57.411    133
 57.441    103
 57.472    103
 57.502    114
 57.532    104
 57.562    106
 57.592    112
 57.623    106
 57.653     96
 57.683    134
 57.713    113
 57.744    108
 57.774     98
 57.804    116
 57.834    100
 57.865     70
 57.895     95
 57.925     99
 57.955     98
 57.986    109
 58.016     77
 58.046     91
 58.076     83
 58.107     96
 58.137     88
 58.167     68
 58.197     86
 58.228     74
 58.258     96
 58.288    107
 58.318     84
 58.349     74
 58.379     69
 58.409     78
 58.439     92
 58.470     90
 58.500     57
 58.530     78
 58.560     94
 58.591     87
 58.621     76
 58.651     81
 58.681     81
 58.712     82
 58.742     90
 58.772     66
 58.802     75
 58.832     73
 58.863     74
 58.893     91
 58.923     76
 58.953     86
 58.984     87
 59.014     86
 59.044     68
 59.074     79
 59.105     75
 59.135     86
 59.165     83
 59.195     99
 59.226    102
 59.256     84
 59.286     73
 59.316     97
 59.347     99
 59.377     77
 59.407     84
 59.437     87
 59.468     85
 59.498     88
 59.528     97
 59.558     78
 59.589     94
 59.619     93
 59.649     88
 59.679     87
 59.710     81
 59.740     99
 59.770     85
 59.800    100
 59.831    103
 59.861     96
 59.891    107
 59.921     82
 59.952     85
 59.982     80
 60.012     78
 60.042     74
 60.073     98
 60.103     98
 60.133     91
 60.163     85
 60.193     81
 60.224     90
 60.254     78
 60.284     96
 60.314    118
 60.345    103
 60.375    118
 60.405     80
 60.435     97
 60.466    114
 60.496    126
 60.526     89
 60.556    123
 60.587    119
 60.617    123
 60.647    112
 60.677     96
 60.708    101
 60.738     97
 60.768    103
 60.798    103
 60.829     75
 60.859    122
 60.889    107
 60.919    110
 60.950     87
 60.980     82
 61.010    103
 61.040    120
 61.071    112
 61.101    109
 61.131    100
 61.161    109
 61.192    134
 61.222    125
 61.252    109
 61.282     99
 61.313     97
 61.343     93
 61.373    107
 61.403     88
 61.433     87
 61.464    109
 61.494    110
 61.524     87
 61.554     99
 61.585     99
 61.615     87
 61.645    112
 61.675     90
 61.706     91
 61.736     97
 61.766     99
 61.796    114
 61.827    139
 61.857    112
 61.887     89
 61.917     99
 61.948    129
 61.978    102
 62.008     95
 62.038     98
 62.069     98
 62.099     81
 62.129    113
 62.159     94
 62.190    105
 62.220    100
 62.250     96
 62.280     91
 62.311     98
 62.341    116
 62.371    104
 62.401    114
 62.432    102
 62.462    104
 62.492    101
 62.522     90
 62.553    104
 62.583     93
 62.613     82
 62.643     95
 62.674    111
 62.704    130
 62.734    117
 62.764    116
 62.794     93
 62.825    103
 62.855    121
 62.885    129
 62.915    128
 62.946     98
 62.976     97
 63.006     93
 63.036    108
 63.067     93
 63.097    109
 63.127    108
 63.157     99
 63.188    104
 63.218    104
 63.248    100
 63.278     99
 63.309     94
 63.339    119
 63.369     89
 63.399     90
 63.430     72
 63.460    111
 63.490     85
 63.520     76
 63.551     96
 63.581     95
 63.611     96
 63.641     83
 63.672     94
 63.702    104
 63.732    108
 63.762     93
 63.793    121
 63.823    104
 63.853    100
 63.883    113
 63.914    100
 63.944    109
 63.974    123
 64.004    105
 64.034     99
 64.065    116
 64.095    108
 64.125    103
 64.155    100
 64.186     85
 64.216    101
 64.246     95
 64.276    103
 64.307     93
 64.337     88
 64.367     99
 64.397    115
 64.428    135
 64.458    114
 64.488    119
 64.518    122
 64.549    127
 64.579    124
 64.609    125
 64.639    119
 64.670    110
 64.700     80
 64.730    101
 64.760    121
 64.791    125
 64.821    167
 64.851    174
 64.881    232
 64.912    210
 64.942    208
 64.972    271
 65.002    297
 65.033    326
 65.063    343
 65.093    266
 65.123    328
 65.154    233
 65.184    196
 65.214    149
 65.244    145
 65.275    142
 65.305    119
 65.335    114
 65.365    111
 65.395    116
 65.426    135
 65.456    123
 65.486    107
 65.516    107
 65.547     88
 65.577    101
 65.607    108
 65.637    103
 65.668    103
 65.698     93
 65.728    101
 65.758    102
 65.789     94
 65.819    114
 65.849    108
 65.879     79
 65.910     92
 65.940     95
 65.970    102
 66.000     92
 66.031    107
 66.061     93
 66.091    110
 66.121    118
 66.152    122
 66.182    126
 66.212     81
 66.242     87
 66.273     83
 66.303     86
 66.333     92
 66.363     88
 66.394    102
 66.424     77
 66.454    101
 66.484     87
 66.515     82
 66.545     73
 66.575     78
 66.605    102
 66.635     90
 66.666     90
 66.696     98
 66.726     80
 66.756    109
 66.787     89
 66.817     95
 66.847     61
 66.877     84
 66.908     93
 66.938     87
 66.968     90
 66.998     86
 67.029     99
 67.059     93
 67.089     85
 67.119    123
 67.150    104
 67.180    108
 67.210    107
 67.240    101
 67.271     90
 67.301    106
 67.331    102
 67.361    108
 67.392    112
 67.422    114
 67.452    124
 67.482     88
 67.513    100
 67.543    110
 67.573     96
 67.603     94
 67.634     96
 67.664    112
 67.694     86
 67.724     98
 67.755    113
 67.785    121
 67.815     85
 67.845     92
 67.876    101
 67.906    111
 67.936    126
 67.966    132
 67.996    145
 68.027    127
 68.057    114
 68.087    139
 68.117    119
 68.148    115
 68.178    121
 68.208    131
 68.238    157
 68.269    142
 68.299    140
 68.329    142
 68.359    138
 68.390    138
 68.420    132
 68.450    152
 68.480    132
 68.511    112
 68.541    137
 68.571    121
 68.601    152
 68.632    139
 68.662    133
 68.692    136
 68.722    149
 68.753    158
 68.783    169
 68.813    169
 68.843    145
 68.874    154
 68.904    165
 68.934    143
 68.964    141
 68.995    160
 69.025    144
 69.055    155
 69.085    140
 69.116    128
 69.146    168
 69.176    131
 69.206    137
 69.236    124
 69.267    139
 69.297    114
 69.327    144
 69.357    142
 69.388    133
 69.418    138
 69.448    128
 69.478    153
 69.509    144
 69.539    160
 69.569    145
 69.599    128
 69.630    139
 69.660    129
 69.690    153
 69.720    156
 69.751    120
 69.781    128
 69.811    129
 69.841    135
 69.872    134
 69.902    129
 69.932    134
 69.962    148
 69.993    131
 70.023    143
 70.053    129
 70.083    124
 70.114    121
 70.144    146
 70.174    129
 70.204    147
 70.235    133
 70.265    146
 70.295    143
 70.325    122
 70.356    140
 70.386    127
 70.416    119
 70.446    139
 70.477    148
 70.507    145
 70.537    136
 70.567    139
 70.597    125
 70.628    130
 70.658    125
 70.688    120
 70.718    134
 70.749    114
 70.779    127
 70.809    106
 70.839    123
 70.870    127
 70.900    119
 70.930    128
 70.960    124
 70.991    128
 71.021    136
 71.051    129
 71.081    126
 71.112    121
 71.142    134
 71.172    125
 71.202    121
 71.233    138
 71.263    125
 71.293    125
 71.323    125
 71.354    122
 71.384    127
 71.414    138
 71.444    167
 71.475    126
 71.505    137
 71.535    139
 71.565    137
 71.596    114
 71.626    151
 71.656    114
 71.686    121
 71.717    158
 71.747    118
 71.777    133
 71.807    125
 71.837    146
 71.868    131
 71.898    137
 71.928    133
 71.958    124
 71.989    121
 72.019    132
 72.049    134
 72.079    153
 72.110    135
 72.140    117
 72.170    139
 72.200    132
 72.231    152
 72.261    127
 72.291    108
 72.321    115
 72.352    120
 72.382    131
 72.412    111
 72.442    121
 72.473    137
 72.503    122
 72.533    127
 72.563    114
 72.594    152
 72.624    135
 72.654    138
 72.684    130
 72.715    143
 72.745    146
 72.775    159
 72.805    139
 72.836    164
 72.866    179
 72.896    140
 72.926    151
 72.957    116
 72.987    125
 73.017    151
 73.047    138
 73.078    161
 73.108    128
 73.138    120
 73.168    144
 73.198    152
 73.229    148
 73.259    140
 73.289    145
 73.319    145
 73.350    131
 73.380    201
 73.410    164
 73.440    187
 73.471    193
 73.501    182
 73.531    206
 73.561    195
 73.592    218
 73.622    218
 73.652    218
 73.682    151
 73.713    132
 73.743    170
 73.773    199
 73.803    173
 73.834    158
 73.864    184
 73.894    177
 73.924    178
 73.955    153
 73.985    150
 74.015    176
 74.045    162
 74.076    152
 74.106    159
 74.136    135
 74.166    148
 74.197    146
 74.227    144
 74.257    125
 74.287    112
 74.318    154
 74.348    130
 74.378    131
 74.408    132
 74.438    146
 74.469    156
 74.499    123
 74.529    143
 74.559    130
 74.590    174
 74.620    147
 74.650    121
 74.680    107
 74.711    139
 74.741    143
 74.771    138
 74.801    141
 74.832    144
 74.862    158
 74.892    128
 74.922    135
 74.953    129
 74.983    147
 75.013    136
 75.043    141
 75.074    116
 75.104    144
 75.134    131
 75.164    137
 75.195    117
 75.225    149
 75.255    111
 75.285    142
 75.316    140
 75.346    142
 75.376    137
 75.406    117
 75.437    137
 75.467    143
 75.497    139
 75.527    154
 75.558    131
 75.588    141
 75.618    135
 75.648    142
 75.679    118
 75.709    129
 75.739    130
 75.769    115
 75.799    133
 75.830    133
 75.860    139
 75.890    115
 75.920    146
 75.951    123
 75.981    111
 76.011    117
 76.041    142
 76.072    149
 76.102    122
 76.132    123
 76.162    122
 76.193    149
 76.223    130
 76.253    170
 76.283    137
 76.314    130
 76.344    147
 76.374    157
 76.404    150
 76.435    144
 76.465    149
 76.495    161
 76.525    176
 76.556    154
 76.586    167
 76.616    155
 76.646    147
 76.677    164
 76.707    153
 76.737    140
 76.767    128
 76.798    152
 76.828    152
 76.858    139
 76.888    156
 76.919    128
 76.949    138
 76.979    130
 77.009    135
 77.039    156
 77.070    123
 77.100    131
 77.130    147
 77.160    159
 77.191    152
 77.221    134
 77.251    161
 77.281    139
 77.312    131
 77.342    127
 77.372    129
 77.402    139
 77.433    121
 77.463    121
 77.493    148
 77.523    148
 77.554    126
 77.584    109
 77.614    121
 77.644    109
 77.675    112
 77.705    115
 77.735    116
 77.765    107
 77.796    106
 77.826    102
 77.856    132
 77.886    128
 77.917    126
 77.947    107
 77.977    107
 78.007    139
 78.038    143
 78.068    135
 78.098    104
 78.128    123
 78.159    117
 78.189    109
 78.219    130
 78.249    127
 78.280    112
 78.310     99
 78.340    119
 78.370    135
 78.400    124
 78.431    119
 78.461    116
 78.491    126
 78.521    121
 78.552    129
 78.582    128
 78.612    124
 78.642    122
 78.673    131
 78.703    116
 78.733    146
 78.763    133
 78.794    115
 78.824    125
 78.854    126
 78.884    130
 78.915    137
 78.945    135
 78.975    102
 79.005    113
 79.036    109
 79.066    118
 79.096    104
 79.126     96
 79.157    120
 79.187    127
 79.217    124
 79.247    127
 79.278    122
 79.308    107
 79.338    111
 79.368    137
 79.399    123
 79.429    128
 79.459    101
 79.489    132
 79.520    112
 79.550    109
 79.580    122
 79.610    122
 79.640    132
 79.671    131
 79.701    124
 79.731    121
 79.761    133
 79.792    132
 79.822    117
 79.852    135
 79.882    138
 79.913    112
 79.943    135
 79.973    116
 80.003    107
 80.034    115
 80.064    122
 80.094    123
 80.124    125
 80.155    122
 80.185    128
 80.215    109
 80.245    122
 80.276    100
 80.306    118
 80.336    109
 80.366    111
 80.397    113
 80.427    101
 80.457    123
 80.487    101
 80.518    106
 80.548    106
 80.578    111
 80.608     99
 80.639    105
 80.669     86
 80.699    104
 80.729    100
 80.760    119
 80.790    119
 80.820    110
 80.850    107
 80.881    108
 80.911     98
 80.941    108
 80.971    105
 81.001    112
 81.032    114
 81.062    119
 81.092    112
 81.122    125
 81.153    126
 81.183    108
 81.213    117
 81.243    120
 81.274    118
 81.304    118
 81.334    119
 81.364    115
 81.395    121
 81.425    114
 81.455    136
 81.485    121
 81.516    120
 81.546    125
 81.576    134
 81.606    109
 81.637    129
 81.667    110
 81.697    105
 81.727    126
 81.758    123
 81.788    124
 81.818    118
 81.848    119
 81.879    133
 81.909    131
 81.939    117
 81.969    109
 82.000    114
 82.030    109
 82.060    101
 82.090    132
 82.121     88
 82.151    112
 82.181    134
 82.211    121
 82.242    120
 82.272    128
 82.302    112
 82.332    109
 82.362    113
 82.393    136
 82.423    117
 82.453    124
 82.483    130
 82.514    136
 82.544    111
 82.574    127
 82.604    138
 82.635    124
 82.665    127
 82.695    115
 82.725     98
 82.756    125
 82.786    105
 82.816    116
 82.846    116
 82.877    129
 82.907    126
 82.937    118
 82.967    113
 82.998    109
 83.028    105
 83.058    100
 83.088    128
 83.119    105
 83.149    110
 83.179    111
 83.209    127
 83.240    120
 83.270    124
 83.300    124
 83.330    120
 83.361    136
 83.391    115
 83.421    115
 83.451    113
 83.482    117
 83.512     97
 83.542     99
 83.572    109
 83.602    102
 83.633    114
 83.663     97
 83.693     93
 83.723    108
 83.754    119
 83.784     95
 83.814     86
 83.844    108
 83.875     96
 83.905     97
 83.935     74
 83.965     98
 83.996    107
 84.026    109
 84.056     96
 84.086    116
 84.117     88
 84.147    105
 84.177     88
 84.207    100
 84.238     83
 84.268     91
 84.298     91
 84.328     78
 84.359     92
 84.389    101
 84.419     88
 84.449     90
 84.480     75
 84.510     95
 84.540     78
 84.570    102
 84.601     93
 84.631     87
 84.661    103
 84.691    103
 84.722     72
 84.752     90
 84.782     73
 84.812     99
 84.843     79
 84.873     90
 84.903     94
 84.933     89
 84.963     88
 84.994     82
 85.024     86
 85.054     86
 85.084     83
 85.115     81
 85.145    103
 85.175    106
 85.205    115
 85.236    105
 85.266     86
 85.296    120
 85.326     83
 85.357     96
 85.387    109
 85.417     89
 85.447    116
 85.478     98
 85.508    122
 85.538     88
 85.568    102
 85.599    101
 85.629    105
 85.659     85
 85.689     89
 85.720    108
 85.750     91
 85.780    100
 85.810    113
 85.841    117
 85.871    129
 85.901    112
 85.931    103
 85.962    118
 85.992    130
 86.022    119
 86.052     97
 86.083     97
 86.113    113
 86.143    120
 86.173    107
 86.203    111
 86.234    112
 86.264    130
 86.294    105
 86.324    150
 86.355    116
 86.385    118
 86.415    104
 86.445    117
 86.476     80
 86.506    106
 86.536    124
 86.566    130
 86.597    138
 86.627    106
 86.657    139
 86.687    123
 86.718    101
 86.748    102
 86.778    124
 86.808    112
 86.839    107
 86.869    145
 86.899    106
 86.929    105
 86.960     97
 86.990    124
 87.020    103
 87.050    118
 87.081    135
 87.111    112
 87.141    110
 87.171    120
 87.202    114
 87.232    105
 87.262    117
 87.292    103
 87.323    105
 87.353    112
 87.383    107
 87.413    110
 87.444    102
 87.474     98
 87.504    111
 87.534    120
 87.564     99
 87.595    107
 87.625    127
 87.655    126
 87.685    110
 87.716    114
 87.746     96
 87.776     96
 87.806    108
 87.837     90
 87.867    115
 87.897    104
 87.927    107
 87.958     87
 87.988     87
 88.018     93
 88.048    129
 88.079    121
 88.109     99
 88.139    118
 88.169    123
 88.200    107
 88.230    112
 88.260    147
 88.290    139
 88.321    133
 88.351    161
 88.381    140
 88.411    130
 88.442    148
 88.472    136
 88.502    123
 88.532    140
 88.563    136
 88.593    135
 88.623    143
 88.653    145
 88.684    136
 88.714    160
 88.744    156
 88.774    152
 88.804    164
 88.835    128
 88.865    134
 88.895    129
 88.925    118
 88.956    117
 88.986    109
 89.016     97
 89.046    123
 89.077    133
 89.107    125
 89.137    105
 89.167    123
 89.198    117
 89.228    110
 89.258    106
 89.288    120
 89.319    117
 89.349    101
 89.379    118
 89.409    112
 89.440    110
 89.470    123
 89.500     97
 89.530    116
 89.561    129
 89.591    117
 89.621    110
 89.651     91
 89.682    108
 89.712    104
 89.742    103
 89.772    113
 89.803     96
 89.833    106
 89.863     97
 89.893     93
 89.924    105
 89.954    120
 89.984    105
 90.014     98
 90.045     98
 90.075    121
 90.105    102
 90.135    111
 90.165    130
 90.196    107
 90.226    116
 90.256     84
 90.286    117
 90.317    105
 90.347    103
 90.377    103
 90.407     86
 90.438     94
 90.468    110
 90.498    109
 90.528     98
 90.559    103
 90.589     89
 90.619     99
 90.649    102
 90.680     97
 90.710     88
 90.740     85
 90.770     92
 90.801     81
 90.831    106
 90.861    109
 90.891     93
 90.922    105
 90.952     94
 90.982     88
 91.012    109
 91.043     93
 91.073     73
 91.103     97
 91.133     92
 91.164     92
 91.194     91
 91.224     81
 91.254     92
 91.285     80
 91.315     87
 91.345     81
 91.375     88
 91.405     89
 91.436     74
 91.466     87
 91.496     87
 91.526     84
 91.557     83
 91.587    107
 91.617     85
 91.647     81
 91.678    109
 91.708    104
 91.738    105
 91.768     73
 91.799    100
 91.829     90
 91.859     92
 91.889     77
 91.920     75
 91.950     92
 91.980     80
 92.010     99
 92.041     83
 92.071    101
 92.101     85
 92.131     69
 92.162     89
 92.192     91
 92.222     80
 92.252     83
 92.283     78
 92.313    101
 92.343     94
 92.373     91
 92.404     90
 92.434     89
 92.464     79
 92.494     95
 92.525     93
 92.555     76
 92.585     59
 92.615     63
 92.646     68
 92.676     70
 92.706     83
 92.736     77
 92.766     88
 92.797     70
 92.827     60
 92.857     71
 92.887     69
 92.918     86
 92.948     70
 92.978     85
 93.008     61
 93.039     74
 93.069     71
 93.099     58
 93.129     62
 93.160     63
 93.190     60
 93.220     65
 93.250     55
 93.281     69
 93.311     57
 93.341     60
 93.371     71
 93.402     81
 93.432     76
 93.462     75
 93.492     70
 93.523     78
 93.553     92
 93.583     92
 93.613     89
 93.644     80
 93.674     90
 93.704    101
 93.734    100
 93.765     89
 93.795     83
 93.825     82
 93.855     88
 93.886    111
 93.916     83
 93.946     87
 93.976    101
 94.006     86
 94.037    105
 94.067     93
 94.097    101
 94.127     98
 94.158     93
 94.188     95
 94.218     89
 94.248     93
 94.279     90
 94.309    108
 94.339     90
 94.369    107
 94.400    108
 94.430    105
 94.460    103
 94.490    102
 94.521     92
 94.551    110
 94.581    116
 94.611     95
 94.642     82
 94.672    100
 94.702     81
 94.732     89
 94.763     94
 94.793     94
 94.823     96
 94.853     89
 94.884     95
 94.914    104
 94.944     90
 94.974     79
 95.005     92
 95.035     99
 95.065     97
 95.095     86
 95.126     88
 95.156     92
 95.186     85
 95.216     91
 95.247    106
 95.277     93
 95.307     87
 95.337    104
 95.367     84
 95.398     90
 95.428     83
 95.458     93
 95.488     73
 95.519     95
 95.549     79
 95.579    102
 95.609    110
 95.640    100
 95.670    104
 95.700    109
 95.730     96
 95.761     88
 95.791    101
 95.821     94
 95.851    106
 95.882    101
 95.912     95
 95.942    109
 95.972    104
 96.003    112
 96.033    100
 96.063    100
 96.093    106
 96.124     95
 96.154    103
 96.184     99
 96.214    110
 96.245     97
 96.275    114
 96.305     98
 96.335    121
 96.366    108
 96.396    108
 96.426    119
 96.456    120
 96.487     98
 96.517    108
 96.547     98
 96.577    111
 96.607    109
 96.638    125
 96.668    102
 96.698    104
 96.728    113
 96.759    114
 96.789     99
 96.819    106
 96.849     98
 96.880    115
 96.910     99
 96.940    110
 96.970    108
 97.001    107
 97.031    132
 97.061    121
 97.091    116
 97.122    131
 97.152    105
 97.182    124
 97.212    131
 97.243    115
 97.273    114
 97.303    131
 97.333    110
 97.364    109
 97.394    138
 97.424    136
 97.454    149
 97.485    130
 97.515    147
 97.545    143
 97.575    154
 97.606    141
 97.636    168
 97.666    164
 97.696    154
 97.727    158
 97.757    193
 97.787    156
 97.817    159
 97.848    193
 97.878    159
 97.908    157
 97.938    147
 97.968    166
 97.999    146
 98.029    186
 98.059    164
 98.089    225
 98.120    204
 98.150    194
 98.180    201
 98.210    248
 98.241    224
 98.271    195
 98.301    196
 98.331    192
 98.362    181
 98.392    159
 98.422    145
 98.452    140
 98.483    139
 98.513    129
 98.543    106
 98.573    136
 98.604    138
 98.634    123
 98.664    136
 98.694    120
 98.725    120
 98.755    112
 98.785    101
 98.815    116
 98.846    125
 98.876    101
 98.906    124
 98.936    101
 98.967    122
 98.997    114
 99.027    112
 99.057    155
 99.088     90
 99.118    146
 99.148    143
 99.178    139
 99.208    108
 99.239    122
 99.269    137
 99.299    100
 99.329    118
 99.360    123
 99.390    120
 99.420    135
 99.450    128
 99.481    123
 99.511    119
 99.541    115
 99.571    124
 99.602    113
 99.632    137
 99.662    100
 99.692     91
 99.723    137
 99.753    111
 99.783    112
 99.813    109
 99.844    120
 99.874    127
 99.904    113
 99.934    143
 99.965    114
 99.995    115
100.025    127
100.055    128
100.086    112
100.116    123
100.146    118
100.176    134
100.207    131
100.237    123
100.267    124
100.297    136
100.328    107
100.358    125
100.388    136
100.418    107
100.449     95
100.479    115
100.509    125
100.539     99
100.569    125
100.600    107
100.630    123
100.660    111
100.690    124
100.721    132
100.751    108
100.781    117
100.811    109
100.842    134
100.872    127
100.902    122
100.932    128
100.963    109
100.993    120
101.023    121
101.053    118
101.084    118
101.114    129
101.144    101
101.174     98
101.205    139
101.235    128
101.265    126
101.295    106
101.326    117
101.356    110
101.386    117
101.416    129
101.447    130
101.477    109
101.507    126
101.537    117
101.568    122
101.598    132
101.628    126
101.658    128
101.689    134
101.719    116
101.749    108
101.779    108
101.809    112
101.840    140
101.870    125
101.900    118
101.930    110
101.961    119
101.991    107
102.021    124
102.051    137
102.082     99
102.112    113
102.142    119
102.172    112
102.203    117
102.233    144
102.263    111
102.293    132
102.324     95
102.354    125
102.384    107
102.414    117
102.445    111
102.475    121
102.505    119
102.535    107
102.566    128
102.596    109
102.626    124
102.656    116
102.687    122
102.717    129
102.747    128
102.777    113
102.808    130
102.838    117
102.868    138
102.898     88
102.929    138
102.959    110
102.989    110
103.019    126
103.050    125
103.080     86
103.110    124
103.140    119
103.170     99
103.201    129
103.231    126
103.261    123
103.291    123
103.322    100
103.352    119
103.382    115
103.412    123
103.443    120
103.473    105
103.503    113
103.533    110
103.564    118
103.594    115
103.624    138
103.654    111
103.685    111
103.715    136
103.745    123
103.775    117
103.806     99
103.836    130
103.866    112
103.896    126
103.927    109
103.957    124
103.987    126
104.017    139
104.048    110
104.078    121
104.108    113
104.138    123
104.169    119
104.199    121
104.229    101
104.259    106
104.290    112
104.320    115
104.350    112
104.380     90
104.410    114
104.441    129
104.471    134
104.501     93
104.531    101
104.562    114
104.592    120
104.622     95
104.652    130
104.683    110
104.713    110
104.743    125
104.773    109
104.804    123
104.834    109
104.864    114
104.894    110
104.925    112
104.955    121
104.985    124
105.015    107
105.046    115
105.076    113
105.106    121
105.136    113
105.167    118
105.197    110
105.227    117
105.257    125
105.288    113
105.318    112
105.348    124
105.378    108
105.409     95
105.439    112
105.469    106
105.499     95
105.530    120
105.560    103
105.590    127
105.620    101
105.651    116
105.681    122
105.711    111
105.741    107
105.771    117
105.802    104
105.832     98
105.862    112
105.892    116
105.923    108
105.953     97
105.983     99
106.013    121
106.044    111
106.074    107
106.104    115
106.134     95
106.165    109
106.195     98
106.225     94
106.255    107
106.286    124
106.316     99
106.346    101
106.376    112
106.407    131
106.437     89
106.467     99
106.497     97
106.528    114
106.558    114
106.588    116
106.618    108
106.649    104
106.679    116
106.709    100
106.739    113
106.770    111
106.800    108
106.830     73
106.860    104
106.891    101
106.921    104
106.951    102
106.981     71
107.011    118
107.042     85
107.072     94
107.102    100
107.132    100
107.163    103
107.193    112
107.223     96
107.253     89
107.284     93
107.314    106
107.344     90
107.374    114
107.405     88
107.435     91
107.465     87
107.495     99
107.526    100
107.556    118
107.586    104
107.616    102
107.647    109
107.677    102
107.707     99
107.737    101
107.768     99
107.798     94
107.828     89
107.858     85
107.889     96
107.919    114
107.949     87
107.979     90
108.010     75
108.040     91
108.070     98
108.100    100
108.131     85
108.161     90
108.191     85
108.221     94
108.252    108
108.282     95
108.312     89
108.342     94
108.372    102
108.403     93
108.433     87
108.463    108
108.493     84
108.524     89
108.554     81
108.584     89
108.614     93
108.645     98
108.675     94
108.705     80
108.735     94
108.766    101
108.796     88
108.826     86
108.856     89
108.887     86
108.917     85
108.947    102
108.977     95
109.008     95
109.038     82
109.068     93
109.098    106
109.129    101
109.159    102
109.189    109
109.219    101
109.250     79
109.280     81
109.310     92
109.340    108
109.371    116
109.401     70
109.431     94
109.461     95
109.492    115
109.522     75
109.552     88
109.582    105
109.613     96
109.643    113
109.673     77
109.703     93
109.733     87
109.764     97
109.794     90
109.824    105
109.854    117
109.885    101
109.915    107
109.945     95
109.975     99
110.006     91
110.036    110
110.066     83
110.096     93
110.127    109
110.157    111
110.187     93
110.217    105
110.248    102
110.278    108
110.308    102
110.338     91
110.369    107
110.399     97
110.429    114
110.459    121
110.490     98
110.520    111
110.550    106
110.580    109
110.611    109
110.641     92
110.671    105
110.701     99
110.732     95
110.762    103
110.792    114
110.822     97
110.853    107
110.883     93
110.913     97
110.943    100
110.973    110
111.004     99
111.034    102
111.064     93
111.094     91
111.125    102
111.155    111
111.185    118
111.215     90
111.246    106
111.276    124
111.306    116
111.336    111
111.367    114
111.397     97
111.427    121
111.457    105
111.488    111
111.518    131
111.548    115
111.578    100
111.609    116
111.639    106
111.669    100
111.699    115
111.730    131
111.760    102
111.790    101
111.820    105
111.851    133
111.881     89
111.911    128
111.941    117
111.972    106
112.002    107
112.032    107
112.062    110
112.093    121
112.123    100
112.153    121
112.183    128
112.214    126
112.244    116
112.274    122
112.304    116
112.334    114
112.365    101
112.395    114
112.425    109
112.455    121
112.486    124
112.516    117
112.546    107
112.576    123
112.607    112
112.637    104
112.667    104
112.697    136
112.728    116
112.758     99
112.788    114
112.818    121
112.849     97
112.879     96
112.909    103
112.939    115
112.970    114
113.000    129
113.030    122
113.060    104
113.091    113
113.121    107
113.151    112
113.181    114
113.212    128
113.242    114
113.272    120
113.302    117
113.333    120
113.363    100
113.393    101
113.423     96
113.454    125
113.484    124
113.514    125
113.544    137
113.574    107
113.605    124
113.635    117
113.665    111
113.695    128
113.726    101
113.756    129
113.786    120
113.816    120
113.847    127
113.877    128
113.907    114
113.937    147
113.968    122
113.998    152
114.028    127
114.058    134
114.089    137
114.119    134
114.149    120
114.179    115
114.210    137
114.240    115
114.270    115
114.300    130
114.331    149
114.361     97
114.391    129
114.421    121
114.452    147
114.482    135
114.512    122
114.542    106
114.573    122
114.603    133
114.633    110
114.663    118
114.694    118
114.724    140
114.754    118
114.784    121
114.815    125
114.845    122
114.875    142
114.905    135
114.935    143
114.966    142
114.996    153
115.026    143
115.056    137
115.087    139
115.117    136
115.147    135
115.177    161
115.208    149
115.238    151
115.268    147
115.298    147
115.329    118
115.359    152
115.389    139
115.419    149
115.450    142
115.480    149
115.510    137
115.540    145
115.571    137
115.601    141
115.631    120
115.661    135
115.692    135
115.722    129
115.752    114
115.782    136
115.813    122
115.843    131
115.873    135
115.903    145
115.934    120
115.964    144
115.994    126
116.024    146
116.055    127
116.085    111
116.115    125
116.145    124
116.175    138
116.206    132
116.236    109
116.266    132
116.296    108
116.327    130
116.357    142
116.387    116
116.417    137
116.448    133
116.478    105
116.508    131
116.538    114
116.569    123
116.599    120
116.629    125
116.659    109
116.690    109
116.720    122
116.750    112
116.780    146
116.811    107
116.841    121
116.871    107
116.901    136
116.932    140
116.962    130
116.992    128
117.022    134
117.053    125
117.083    124
117.113    142
117.143    131
117.174    130
117.204    106
117.234    122
117.264    130
117.295    129
117.325    128
117.355    119
117.385    114
117.416    145
117.446    142
117.476    127
117.506    141
117.536    124
117.567    123
117.597    129
117.627    145
117.657    120
117.688    122
117.718    125
117.748    120
117.778    108
117.809    125
117.839    119
117.869    126
117.899    107
117.930    123
117.960    114
117.990    114
118.020    116
118.051    123
118.081    122
118.111    123
118.141    107
118.172    112
118.202    129
118.232    101
118.262    118
118.293    141
118.323    118
118.353    122
118.383    117
118.414    122
118.444    109
118.474    111
118.504    128
118.535    123
118.565    132
118.595    129
118.625    132
118.656    112
118.686    119
118.716    111
118.746    123
118.776    117
118.807    112
118.837    122
118.867    118
118.897    142
118.928    119
118.958    110
118.988    117
119.018    141
119.049    131
119.079    129
119.109    120
119.139    114
119.170    136
119.200    120
119.230    155
119.260    127
119.291    112
119.321    117
119.351    141
119.381    126
119.412    128
119.442    171
119.472    143
119.502    134
119.533    106
119.563    103
119.593     39
119.623      5
119.654      0
119.684      0
119.714      0
119.744      0
119.775      0
119.805      0
119.835      0
119.865      0
119.896      0
119.926      0
119.956      0
119.986      0
120.017      0
120.047      0
120.077      0
120.107      0
120.137      0
120.168      0
120.198      0
120.228      0
120.258      0
120.289      0
120.319      0
120.349      0
120.379      0
120.410      0
120.440      0
120.470      0
120.500      0
120.531      0
120.561      0
120.591      0
120.621      0
120.652      0
120.682      0
120.712      0
120.742      0
120.773      0
120.803      0
120.833      0
120.863      0
120.894      0
