4.235885987905375032e+02
4.241014953763747144e+02
4.246143919622118688e+02
4.251272885480490800e+02
4.256401851338862343e+02
4.261530817197234455e+02
4.266659783055605999e+02
4.271788748913978111e+02
4.276917714772349655e+02
4.282046680630721767e+02
4.287175646489093310e+02
4.292304612347465422e+02
4.297433578205837534e+02
4.302562544064209078e+02
4.307691509922581190e+02
4.312820475780952734e+02
4.317949441639324846e+02
4.323078407497696389e+02
4.328207373356068501e+02
4.333336339214440045e+02
4.338465305072812157e+02
4.343594270931183701e+02
4.348723236789555813e+02
4.353852202647927925e+02
4.358981168506299468e+02
4.364110134364671580e+02
4.369239100223043124e+02
4.374368066081415236e+02
4.379497031939786780e+02
4.384625997798158892e+02
4.389754963656530435e+02
4.394883929514902547e+02
4.400012895373274091e+02
4.405141861231646203e+02
4.410270827090017747e+02
4.415399792948389859e+02
4.420528758806761971e+02
4.425657724665133514e+02
4.430786690523505627e+02
4.435915656381877170e+02
4.441044622240249282e+02
4.446173588098620826e+02
4.451302553956992938e+02
4.456431519815364481e+02
4.461560485673736594e+02
4.466689451532108137e+02
4.471818417390480249e+02
4.476947383248851793e+02
4.482076349107223905e+02
4.487205314965596017e+02
4.492334280823967561e+02
4.497463246682339673e+02
4.502592212540711216e+02
4.507721178399083328e+02
4.512850144257454872e+02
4.517979110115826984e+02
4.523108075974198528e+02
4.528237041832570640e+02
4.533366007690942752e+02
4.538494973549314295e+02
4.543623939407686407e+02
4.548752905266057951e+02
4.553881871124430063e+02
4.559010836982801607e+02
4.564139802841173719e+02
4.569268768699545262e+02
4.574397734557917374e+02
4.579526700416288918e+02
4.584655666274661030e+02
4.589784632133032574e+02
4.594913597991404686e+02
4.600042563849776798e+02
4.605171529708148341e+02
4.610300495566520453e+02
4.615429461424891997e+02
4.620558427283264109e+02
4.625687393141635653e+02
4.630816359000007765e+02
4.635945324858379308e+02
4.641074290716751420e+02
4.646203256575123532e+02
4.651332222433495076e+02
4.656461188291866620e+02
4.661590154150238732e+02
4.666719120008610844e+02
4.671848085866982387e+02
4.676977051725354499e+02
4.682106017583726043e+02
4.687234983442098155e+02
4.692363949300469699e+02
4.697492915158841811e+02
4.702621881017213354e+02
4.707750846875585466e+02
4.712879812733957579e+02
4.718008778592329122e+02
4.723137744450701234e+02
4.728266710309072778e+02
4.733395676167444890e+02
4.738524642025816433e+02
4.743653607884188546e+02
4.748782573742560089e+02
4.753911539600932201e+02
4.759040505459303745e+02
4.764169471317675857e+02
4.769298437176047400e+02
4.774427403034419513e+02
4.779556368892791625e+02
4.784685334751163168e+02
4.789814300609535280e+02
4.794943266467906824e+02
4.800072232326278936e+02
4.805201198184650480e+02
4.810330164043022592e+02
4.815459129901394135e+02
4.820588095759766247e+02
4.825717061618138359e+02
4.830846027476509903e+02
4.835974993334881447e+02
4.841103959193253559e+02
4.846232925051625671e+02
4.851361890909997214e+02
4.856490856768369326e+02
4.861619822626740870e+02
4.866748788485112982e+02
4.871877754343484526e+02
4.877006720201856638e+02
4.882135686060228181e+02
4.887264651918600293e+02
4.892393617776972405e+02
4.897522583635343949e+02
4.902651549493715493e+02
4.907780515352087605e+02
4.912909481210459717e+02
4.918038447068831260e+02
4.923167412927203372e+02
4.928296378785574916e+02
4.933425344643947028e+02
4.938554310502319140e+02
4.943683276360690684e+02
4.948812242219062227e+02
4.953941208077434339e+02
4.959070173935806451e+02
4.964199139794177995e+02
4.969328105652550107e+02
4.974457071510921651e+02
4.979586037369293763e+02
4.984715003227665306e+02
4.989843969086037418e+02
4.994972934944408962e+02
5.000101900802781074e+02
5.005230866661153186e+02
5.010359832519524730e+02
5.015488798377896273e+02
5.020617764236268386e+02
5.025746730094640498e+02
5.030875695953012041e+02
5.036004661811384153e+02
5.041133627669755697e+02
5.046262593528127809e+02
5.051391559386499353e+02
5.056520525244871465e+02
5.061649491103243008e+02
5.066778456961615120e+02
5.071907422819987232e+02
5.077036388678358776e+02
5.082165354536730320e+02
5.087294320395102432e+02
5.092423286253474544e+02
5.097552252111846087e+02
5.102681217970218199e+02
5.107810183828589743e+02
5.112939149686961855e+02
5.118068115545333967e+02
5.123197081403704942e+02
5.128326047262077054e+02
5.133455013120449166e+02
5.138583978978821278e+02
5.143712944837193390e+02
5.148841910695564366e+02
5.153970876553936478e+02
5.159099842412308590e+02
5.164228808270680702e+02
5.169357774129051677e+02
5.174486739987423789e+02
5.179615705845795901e+02
5.184744671704168013e+02
5.189873637562538988e+02
5.195002603420911100e+02
5.200131569279283212e+02
5.205260535137655324e+02
5.210389500996027436e+02
5.215518466854398412e+02
5.220647432712770524e+02
5.225776398571142636e+02
5.230905364429514748e+02
5.236034330287886860e+02
5.241163296146257835e+02
5.246292262004629947e+02
5.251421227863002059e+02
5.256550193721373034e+02
5.261679159579745146e+02
5.266808125438117258e+02
5.271937091296489371e+02
5.277066057154861483e+02
5.282195023013232458e+02
5.287323988871604570e+02
5.292452954729976682e+02
5.297581920588348794e+02
5.302710886446720906e+02
5.307839852305091881e+02
5.312968818163463993e+02
5.318097784021836105e+02
5.323226749880207080e+02
5.328355715738579192e+02
5.333484681596951305e+02
5.338613647455323417e+02
5.343742613313695529e+02
5.348871579172066504e+02
5.354000545030438616e+02
5.359129510888810728e+02
5.364258476747182840e+02
5.369387442605554952e+02
5.374516408463925927e+02
5.379645374322298039e+02
5.384774340180670151e+02
5.389903306039042263e+02
5.395032271897413239e+02
5.400161237755785351e+02
5.405290203614157463e+02
5.410419169472529575e+02
5.415548135330900550e+02
5.420677101189272662e+02
5.425806067047644774e+02
5.430935032906016886e+02
5.436063998764388998e+02
5.441192964622759973e+02
5.446321930481132085e+02
5.451450896339504197e+02
5.456579862197876309e+02
5.461708828056247285e+02
5.466837793914619397e+02
5.471966759772991509e+02
5.477095725631363621e+02
5.482224691489734596e+02
5.487353657348106708e+02
5.492482623206478820e+02
5.497611589064850932e+02
5.502740554923223044e+02
5.507869520781594019e+02
5.512998486639966131e+02
5.518127452498338243e+02
5.523256418356710356e+02
5.528385384215082468e+02
5.533514350073453443e+02
5.538643315931825555e+02
5.543772281790197667e+02
5.548901247648568642e+02
5.554030213506940754e+02
5.559159179365312866e+02
5.564288145223684978e+02
5.569417111082057090e+02
5.574546076940428065e+02
5.579675042798800177e+02
5.584804008657172290e+02
5.589932974515544402e+02
5.595061940373916514e+02
5.600190906232287489e+02
5.605319872090659601e+02
5.610448837949031713e+02
5.615577803807402688e+02
5.620706769665774800e+02
5.625835735524146912e+02
5.630964701382519024e+02
5.636093667240891136e+02
5.641222633099262112e+02
5.646351598957634224e+02
5.651480564816006336e+02
5.656609530674378448e+02
5.661738496532750560e+02
5.666867462391121535e+02
5.671996428249493647e+02
5.677125394107865759e+02
5.682254359966236734e+02
5.687383325824608846e+02
5.692512291682980958e+02
5.697641257541353070e+02
5.702770223399725182e+02
5.707899189258096158e+02
5.713028155116468270e+02
5.718157120974840382e+02
5.723286086833212494e+02
5.728415052691584606e+02
5.733544018549955581e+02
5.738672984408327693e+02
5.743801950266699805e+02
5.748930916125070780e+02
5.754059881983442892e+02
5.759188847841815004e+02
5.764317813700187116e+02
5.769446779558559228e+02
5.774575745416930204e+02
5.779704711275302316e+02
5.784833677133674428e+02
5.789962642992046540e+02
5.795091608850418652e+02
5.800220574708789627e+02
5.805349540567161739e+02
5.810478506425533851e+02
5.815607472283904826e+02
5.820736438142278075e+02
5.825865404000649050e+02
5.830994369859021162e+02
5.836123335717393275e+02
5.841252301575764250e+02
5.846381267434136362e+02
5.851510233292508474e+02
5.856639199150880586e+02
5.861768165009252698e+02
5.866897130867623673e+02
5.872026096725995785e+02
5.877155062584367897e+02
5.882284028442740009e+02
5.887412994301112121e+02
5.892541960159483097e+02
5.897670926017855209e+02
5.902799891876227321e+02
5.907928857734598296e+02
5.913057823592970408e+02
5.918186789451342520e+02
5.923315755309714632e+02
5.928444721168086744e+02
5.933573687026457719e+02
5.938702652884829831e+02
5.943831618743201943e+02
5.948960584601574055e+02
5.954089550459946167e+02
5.959218516318317143e+02
5.964347482176689255e+02
5.969476448035061367e+02
5.974605413893432342e+02
5.979734379751804454e+02
5.984863345610176566e+02
5.989992311468548678e+02
5.995121277326920790e+02
6.000250243185291765e+02
6.005379209043663877e+02
6.010508174902035989e+02
6.015637140760408101e+02
6.020766106618780213e+02
6.025895072477151189e+02
6.031024038335523301e+02
6.036153004193895413e+02
6.041281970052266388e+02
6.046410935910638500e+02
6.051539901769010612e+02
6.056668867627382724e+02
6.061797833485754836e+02
6.066926799344125811e+02
6.072055765202497923e+02
6.077184731060870035e+02
6.082313696919242147e+02
6.087442662777614260e+02
6.092571628635985235e+02
6.097700594494357347e+02
6.102829560352729459e+02
6.107958526211100434e+02
6.113087492069472546e+02
6.118216457927844658e+02
6.123345423786216770e+02
6.128474389644588882e+02
6.133603355502959857e+02
6.138732321361331969e+02
6.143861287219704082e+02
6.148990253078076194e+02
6.154119218936448306e+02
6.159248184794819281e+02
6.164377150653191393e+02
6.169506116511563505e+02
6.174635082369934480e+02
6.179764048228307729e+02
6.184893014086678704e+02
6.190021979945050816e+02
6.195150945803422928e+02
6.200279911661793903e+02
6.205408877520166016e+02
6.210537843378538128e+02
6.215666809236910240e+02
6.220795775095282352e+02
6.225924740953653327e+02
6.231053706812025439e+02
6.236182672670397551e+02
6.241311638528769663e+02
6.246440604387141775e+02
6.251569570245512750e+02
6.256698536103884862e+02
6.261827501962256974e+02
6.266956467820627950e+02
6.272085433679000062e+02
6.277214399537372174e+02
6.282343365395744286e+02
6.287472331254116398e+02
6.292601297112487373e+02
6.297730262970859485e+02
6.302859228829231597e+02
6.307988194687603709e+02
6.313117160545975821e+02
6.318246126404346796e+02
6.323375092262718908e+02
6.328504058121091020e+02
6.333633023979461996e+02
6.338761989837834108e+02
6.343890955696206220e+02
6.349019921554578332e+02
6.354148887412950444e+02
6.359277853271321419e+02
6.364406819129693531e+02
6.369535784988065643e+02
6.374664750846437755e+02
6.379793716704809867e+02
6.384922682563180842e+02
6.390051648421552954e+02
6.395180614279925067e+02
6.400309580138296042e+02
6.405438545996668154e+02
6.410567511855040266e+02
6.415696477713412378e+02
6.420825443571784490e+02
6.425954409430155465e+02
6.431083375288527577e+02
6.436212341146899689e+02
6.441341307005271801e+02
6.446470272863643913e+02
6.451599238722014888e+02
6.456728204580387001e+02
6.461857170438759113e+02
6.466986136297130088e+02
6.472115102155502200e+02
6.477244068013874312e+02
6.482373033872246424e+02
6.487501999730618536e+02
6.492630965588989511e+02
6.497759931447361623e+02
6.502888897305733735e+02
6.508017863164105847e+02
6.513146829022477959e+02
6.518275794880848935e+02
6.523404760739221047e+02
6.528533726597593159e+02
6.533662692455964134e+02
6.538791658314337383e+02
6.543920624172708358e+02
6.549049590031080470e+02
6.554178555889452582e+02
6.559307521747823557e+02
6.564436487606195669e+02
6.569565453464567781e+02
6.574694419322939893e+02
6.579823385181312005e+02
6.584952351039682981e+02
6.590081316898055093e+02
6.595210282756427205e+02
6.600339248614799317e+02
6.605468214473171429e+02
6.610597180331542404e+02
6.615726146189914516e+02
6.620855112048286628e+02
6.625984077906657603e+02
6.631113043765029715e+02
6.636242009623401827e+02
6.641370975481773939e+02
6.646499941340146052e+02
6.651628907198517027e+02
6.656757873056889139e+02
6.661886838915261251e+02
6.667015804773633363e+02
6.672144770632005475e+02
6.677273736490376450e+02
6.682402702348748562e+02
6.687531668207120674e+02
6.692660634065491649e+02
6.697789599923863761e+02
6.702918565782235873e+02
6.708047531640607986e+02
6.713176497498980098e+02
6.718305463357351073e+02
6.723434429215723185e+02
6.728563395074095297e+02
6.733692360932467409e+02
6.738821326790839521e+02
6.743950292649210496e+02
6.749079258507582608e+02
6.754208224365954720e+02
6.759337190224325695e+02
6.764466156082697808e+02
6.769595121941069920e+02
6.774724087799442032e+02
6.779853053657814144e+02
6.784982019516185119e+02
6.790110985374557231e+02
6.795239951232929343e+02
6.800368917091300318e+02
6.805497882949673567e+02
6.810626848808044542e+02
6.815755814666416654e+02
6.820884780524788766e+02
6.826013746383159742e+02
6.831142712241532990e+02
6.836271678099903966e+02
6.841400643958276078e+02
6.846529609816648190e+02
6.851658575675019165e+02
6.856787541533391277e+02
6.861916507391763389e+02
6.867045473250135501e+02
6.872174439108507613e+02
6.877303404966878588e+02
6.882432370825250700e+02
6.887561336683622812e+02
6.892690302541993788e+02
6.897819268400367037e+02
6.902948234258738012e+02
6.908077200117110124e+02
6.913206165975482236e+02
6.918335131833853211e+02
6.923464097692226460e+02
6.928593063550597435e+02
6.933722029408969547e+02
6.938850995267341659e+02
6.943979961125712634e+02
6.949108926984084746e+02
6.954237892842456858e+02
6.959366858700827834e+02
6.964495824559201083e+02
6.969624790417572058e+02
6.974753756275944170e+02
6.979882722134316282e+02
6.985011687992687257e+02
6.990140653851060506e+02
6.995269619709431481e+02
7.000398585567803593e+02
7.005527551426175705e+02
7.010656517284546680e+02
7.015785483142918793e+02
7.020914449001290905e+02
7.026043414859661880e+02
7.031172380718035129e+02
7.036301346576406104e+02
7.041430312434778216e+02
7.046559278293150328e+02
7.051688244151521303e+02
7.056817210009894552e+02
7.061946175868265527e+02
7.067075141726637639e+02
7.072204107585009751e+02
7.077333073443380727e+02
7.082462039301752839e+02
7.087591005160124951e+02
7.092719971018495926e+02
7.097848936876869175e+02
7.102977902735240150e+02
7.108106868593612262e+02
7.113235834451984374e+02
7.118364800310355349e+02
7.123493766168728598e+02
7.128622732027099573e+02
7.133751697885471685e+02
7.138880663743843797e+02
7.144009629602214773e+02
7.149138595460586885e+02
7.154267561318958997e+02
7.159396527177329972e+02
7.164525493035703221e+02
7.169654458894074196e+02
7.174783424752446308e+02
7.179912390610818420e+02
7.185041356469189395e+02
7.190170322327562644e+02
7.195299288185933619e+02
7.200428254044305731e+02
7.205557219902677843e+02
7.210686185761048819e+02
7.215815151619420931e+02
7.220944117477793043e+02
7.226073083336165155e+02
7.231202049194537267e+02
7.236331015052908242e+02
7.241459980911280354e+02
7.246588946769652466e+02
7.251717912628023441e+02
7.256846878486396690e+02
7.261975844344767665e+02
7.267104810203139778e+02
7.272233776061511890e+02
7.277362741919882865e+02
7.282491707778256114e+02
7.287620673636627089e+02
7.292749639494999201e+02
7.297878605353371313e+02
7.303007571211742288e+02
7.308136537070114400e+02
7.313265502928486512e+02
7.318394468786857487e+02
7.323523434645230736e+02
7.328652400503601712e+02
7.333781366361973824e+02
7.338910332220345936e+02
7.344039298078716911e+02
7.349168263937090160e+02
7.354297229795461135e+02
7.359426195653833247e+02
7.364555161512205359e+02
7.369684127370576334e+02
7.374813093228948446e+02
7.379942059087320558e+02
7.385071024945691534e+02
7.390199990804064782e+02
7.395328956662435758e+02
7.400457922520807870e+02
7.405586888379179982e+02
7.410715854237550957e+02
7.415844820095924206e+02
7.420973785954295181e+02
7.426102751812667293e+02
7.431231717671039405e+02
7.436360683529410380e+02
7.441489649387782492e+02
7.446618615246154604e+02
7.451747581104525580e+02
7.456876546962898828e+02
7.462005512821269804e+02
7.467134478679641916e+02
7.472263444538014028e+02
7.477392410396385003e+02
7.482521376254758252e+02
7.487650342113129227e+02
7.492779307971501339e+02
7.497908273829873451e+02
7.503037239688244426e+02
7.508166205546616538e+02
7.513295171404988650e+02
7.518424137263360763e+02
7.523553103121732875e+02
7.528682068980103850e+02
7.533811034838475962e+02
7.538940000696848074e+02
7.544068966555219049e+02
7.549197932413592298e+02
7.554326898271963273e+02
7.559455864130335385e+02
7.564584829988707497e+02
7.569713795847078472e+02
7.574842761705450584e+02
7.579971727563822697e+02
7.585100693422194809e+02
7.590229659280566921e+02
7.595358625138937896e+02
7.600487590997310008e+02
7.605616556855682120e+02
7.610745522714053095e+02
7.615874488572426344e+02
7.621003454430797319e+02
7.626132420289169431e+02
7.631261386147541543e+02
7.636390352005912519e+02
7.641519317864285767e+02
7.646648283722656743e+02
7.651777249581028855e+02
7.656906215439400967e+02
7.662035181297771942e+02
7.667164147156144054e+02
7.672293113014516166e+02
7.677422078872887141e+02
7.682551044731260390e+02
7.687680010589631365e+02
7.692808976448003477e+02
7.697937942306375589e+02
7.703066908164746565e+02
7.708195874023119814e+02
7.713324839881490789e+02
7.718453805739862901e+02
7.723582771598235013e+02
7.728711737456605988e+02
7.733840703314978100e+02
7.738969669173350212e+02
7.744098635031721187e+02
7.749227600890094436e+02
7.754356566748465411e+02
7.759485532606837523e+02
7.764614498465209635e+02
7.769743464323580611e+02
7.774872430181953860e+02
7.780001396040324835e+02
7.785130361898696947e+02
7.790259327757069059e+02
7.795388293615440034e+02
7.800517259473812146e+02
